0.000261
0.000601
0.000934
0.001308
0.001587
0.001655
0.001866
0.002682
0.002866
0.003126
0.003186
0.003224
0.003985
0.004855
0.004564
0.004511
0.004930
0.005145
0.006507
0.006480
0.005815
0.006067
0.007174
0.007451
0.008486
0.007533
0.007047
0.008611
0.009484
0.009515
0.009478
0.008741
0.009107
0.011757
0.011101
0.010727
0.010461
0.010733
0.012200
0.013993
0.011874
0.011552
0.012738
0.013306
0.015214
0.014531
0.012547
0.013429
0.016059
0.015606
0.016714
0.014548
0.014148
0.017058
0.018595
0.016935
0.016885
0.015952
0.017087
0.020989
0.019083
0.017512
0.017811
0.019071
0.020616
0.022822
0.018490
0.018575
0.021097
0.022201
0.023220
0.022142
0.019054
0.021439
0.025459
0.023594
0.024016
0.021511
0.021874
0.025919
0.027741
0.023439
0.024069
0.023684
0.025860
0.029821
0.026668
0.023645
0.025777
0.028135
0.028981
0.030844
0.024787
0.025934
0.030147
0.031401
0.030209
0.029437
0.025806
0.030000
0.034194
0.030262
0.029168
0.027618
0.028584
0.032686
0.033614
0.026809
0.028471
0.029051
0.031327
0.033400
0.029654
0.025672
0.029881
0.032087
0.031291
0.031702
0.026095
0.027926
0.032588
0.032697
0.029122
0.029266
0.026394
0.031318
0.034160
0.029555
0.027622
0.028601
0.029731
0.032956
0.032680
0.025767
0.028601
0.030500
0.032011
0.032038
0.029030
0.025368
0.031329
0.032771
0.030674
0.030061
0.026530
0.028727
0.033572
0.032302
0.027555
0.029100
0.027555
0.032302
0.033572
0.028727
0.026530
0.030061
0.030674
0.032771
0.031329
0.025368
0.029030
0.032038
0.032011
0.030500
0.028601
0.025767
0.032680
0.032956
0.029731
0.028601
0.027622
0.029555
0.034160
0.031318
0.026394
0.029266
0.029122
0.032697
0.032588
0.027926
0.026095
0.031702
0.031291
0.032087
0.029881
0.025672
0.029654
0.033400
0.031327
0.029051
0.028471
0.026809
0.033614
0.032686
0.028584
0.027618
0.029168
0.030262
0.034194
0.030000
0.025806
0.029738
0.030832
0.032382
0.031416
0.027314
0.026386
0.033191
0.031529
0.030949
0.028673
0.026600
0.030346
0.034328
0.030119
0.027913
0.028709
0.028298
0.033905
0.032074
0.027412
0.027303
0.030878
0.030734
0.033606
0.028682
0.025840
0.030445
0.032378
0.031399
0.030269
0.027044
0.027320
0.034233
0.031399
0.029500
0.027989
0.027962
0.030970
0.034632
0.028671
0.027229
0.029326
0.029939
0.033470
0.031273
0.026428
0.027698
0.032445
0.030900
0.032445
0.027698
0.026428
0.031273
0.033470
0.029939
0.029326
0.027229
0.028671
0.034632
0.030970
0.027962
0.027989
0.029500
0.031399
0.034233
0.027320
0.027044
0.030269
0.031399
0.032378
0.030445
0.025840
0.028682
0.033606
0.030734
0.030878
0.027303
0.027412
0.032074
0.033905
0.028298
0.028709
0.027913
0.030119
0.034328
0.030346
0.026600
0.028673
0.030949
0.031529
0.033191
0.026386
0.027314
0.031416
0.032382
0.030832
0.029738
0.025806
0.030000
0.034194
0.030262
0.029168
0.027618
0.028584
0.032686
0.033614
0.026809
0.028471
0.029051
0.031327
0.033400
0.029654
0.025672
0.029881
0.032087
0.031291
0.031702
0.026095
0.027926
0.032588
0.032697
0.029122
0.029266
0.026394
0.031318
0.034160
0.029555
0.027622
0.028601
0.029731
0.032956
0.032680
0.025767
0.028601
0.030500
0.032011
0.032038
0.029030
0.025368
0.031329
0.032771
0.030674
0.030061
0.026530
0.028727
0.033572
0.032302
0.027555
0.029100
0.027555
0.032302
0.033572
0.028727
0.026530
0.030061
0.030674
0.032771
0.031329
0.025368
0.029030
0.032038
0.032011
0.030500
0.028601
0.025767
0.032680
0.032956
0.029731
0.028601
0.027622
0.029555
0.034160
0.031318
0.026394
0.029266
0.029122
0.032697
0.032588
0.027926
0.026095
0.031702
0.031291
0.032087
0.029881
0.025672
0.029654
0.033400
0.031327
0.029051
0.028471
0.026809
0.033614
0.032686
0.028584
0.027618
0.029168
0.030262
0.034194
0.030000
0.025806
0.029738
0.030832
0.032382
0.031416
0.027314
0.026386
0.033191
0.031529
0.030949
0.028673
0.026600
0.030346
0.034328
0.030119
0.027913
0.028709
0.028298
0.033905
0.032074
0.027412
0.027303
0.030878
0.030734
0.033606
0.028682
0.025840
0.030445
0.032378
0.031399
0.030269
0.027044
0.027320
0.034233
0.031399
0.029500
0.027989
0.027962
0.030970
0.034632
0.028671
0.027229
0.029326
0.029939
0.033470
0.031273
0.026428
0.027698
0.032445
0.030900
0.032445
0.027698
0.026428
0.031273
0.033470
0.029939
0.029326
0.027229
0.028671
0.034632
0.030970
0.027962
0.027989
0.029500
0.031399
0.034233
0.027320
0.027044
0.030269
0.031399
0.032378
0.030445
0.025840
0.028682
0.033606
0.030734
0.030878
0.027303
0.027412
0.032074
0.033905
0.028298
0.028709
0.027913
0.030119
0.034328
0.030346
0.026600
0.028673
0.030949
0.031529
0.033191
0.026386
0.027314
0.031416
0.032382
0.030832
0.029738
0.025806
0.030000
0.034194
0.030262
0.029168
0.027618
0.028584
0.032686
0.033614
0.026809
0.028471
0.029051
0.031327
0.033400
0.029654
0.025672
0.029881
0.032087
0.031291
0.031702
0.026095
0.027926
0.032588
0.032697
0.029122
0.029266
0.026394
0.031318
0.034160
0.029555
0.027622
0.028601
0.029731
0.032956
0.032680
0.025767
0.028601
0.030500
0.032011
0.032038
0.029030
0.025368
0.031329
0.032771
0.030674
0.030061
0.026530
0.028727
0.033572
0.032302
0.027555
0.029100
0.027555
0.032302
0.033572
0.028727
0.026530
0.030061
0.030674
0.032771
0.031329
0.025368
0.029030
0.032038
0.032011
0.030500
0.028601
0.025767
0.032680
0.032956
0.029731
0.028601
0.027622
0.029555
0.034160
0.031318
0.026394
0.029266
0.029122
0.032697
0.032588
0.027926
0.026095
0.031702
0.031291
0.032087
0.029881
0.025672
0.029654
0.033400
0.031327
0.029051
0.028471
0.026809
0.033614
0.032686
0.028584
0.027618
0.029168
0.030262
0.034194
0.030000
0.025821
0.029774
0.030888
0.032460
0.031511
0.027412
0.026497
0.033350
0.031699
0.031135
0.028863
0.026792
0.030583
0.034617
0.030391
0.028182
0.029003
0.028604
0.034293
0.032460
0.027758
0.027664
0.031305
0.031178
0.034111
0.029131
0.026259
0.030958
0.032942
0.031965
0.030833
0.027564
0.027862
0.034933
0.032060
0.030139
0.028612
0.028601
0.031696
0.035465
0.029377
0.027916
0.030084
0.030731
0.034376
0.032138
0.027175
0.028497
0.033401
0.031829
0.033440
0.028564
0.027270
0.032288
0.034577
0.030947
0.030331
0.028178
0.029688
0.035882
0.032106
0.029004
0.029050
0.030635
0.032626
0.035591
0.028421
0.028149
0.031525
0.032720
0.033760
0.031763
0.026974
0.029958
0.035122
0.032139
0.032307
0.028583
0.028714
0.033617
0.035557
0.029693
0.030142
0.029323
0.031658
0.036103
0.031933
0.028008
0.030207
0.032624
0.033253
0.035027
0.027862
0.028857
0.033211
0.034251
0.032630
0.031490
0.027342
0.031804
0.036270
0.032118
0.030974
0.029344
0.030388
0.034769
0.035776
0.028550
0.030337
0.030972
0.033417
0.035649
0.031669
0.027431
0.031947
0.034324
0.033492
0.033951
0.027961
0.029940
0.034959
0.035096
0.031276
0.031447
0.028377
0.033690
0.036768
0.031829
0.029765
0.030836
0.032073
0.035572
0.035293
0.027843
0.030922
0.032994
0.034647
0.034696
0.031456
0.027503
0.033985
0.035569
0.033311
0.032664
0.028843
0.031248
0.036539
0.035176
0.030023
0.031724
0.030057
0.035254
0.036660
0.031387
0.029002
0.032881
0.033569
0.035884
0.034324
0.027808
0.031840
0.035158
0.035147
0.033507
0.031438
0.028339
0.035961
0.036285
0.032752
0.031524
0.030462
0.032611
0.037713
0.034594
0.029171
0.032362
0.032221
0.036196
0.036095
0.030948
0.028934
0.035171
0.034733
0.035636
0.033204
0.028542
0.032988
0.037175
0.034886
0.032370
0.031741
0.029904
0.037514
0.036499
0.031935
0.030872
0.032622
0.033864
0.038285
0.033607
0.028924
0.033349
0.034595
0.036354
0.035288
0.030696
0.029670
0.037341
0.035490
0.034856
0.032310
0.029991
0.034232
0.038745
0.034013
0.031538
0.032455
0.032007
0.038370
0.036317
0.031054
0.030947
0.035018
0.034873
0.038152
0.032579
0.029366
0.034618
0.036835
0.035741
0.034473
0.030816
0.031147
0.039049
0.035836
0.033686
0.031977
0.031963
0.035420
0.039629
0.032825
0.031190
0.033610
0.034331
0.038400
0.035898
0.030352
0.031827
0.037302
0.035544
0.037341
0.031894
0.030448
0.036049
0.038601
0.034547
0.033857
0.031452
0.033135
0.040046
0.035830
0.032367
0.032415
0.034182
0.036402
0.039707
0.031706
0.031401
0.035164
0.036496
0.037653
0.035424
0.030081
0.033407
0.039162
0.035834
0.036020
0.031866
0.032010
0.037474
0.039633
0.033096
0.033594
0.032679
0.035280
0.040231
0.035582
0.031206
0.033655
0.036345
0.037044
0.039017
0.031034
0.032141
0.036988
0.038145
0.036337
0.035066
0.030445
0.035411
0.040382
0.035757
0.034481
0.032665
0.033825
0.038700
0.039818
0.031773
0.033761
0.034465
0.037184
0.039665
0.035234
0.030518
0.035539
0.038182
0.037254
0.037763
0.031099
0.033298
0.038877
0.039027
0.034777
0.034966
0.031551
0.037456
0.040876
0.035383
0.033086
0.034275
0.035648
0.039534
0.039222
0.030941
0.034361
0.036661
0.038496
0.038548
0.034946
0.030553
0.037752
0.039509
0.036999
0.036278
0.032033
0.034703
0.040576
0.039060
0.033337
0.035223
0.033370
0.039138
0.040697
0.034841
0.032192
0.036495
0.037258
0.039824
0.038091
0.030858
0.035330
0.039010
0.038996
0.037174
0.034877
0.031437
0.039890
0.040248
0.036327
0.034963
0.033783
0.036165
0.041820
0.038360
0.032344
0.035881
0.035723
0.040128
0.040014
0.034305
0.032072
0.038983
0.038496
0.039494
0.036797
0.031629
0.036554
0.041191
0.038653
0.035863
0.035164
0.033127
0.041556
0.040429
0.035372
0.034193
0.036130
0.037503
0.042397
0.037214
0.032027
0.036925
0.038302
0.040248
0.039066
0.033980
0.032843
0.041332
0.039281
0.038578
0.035758
0.033189
0.037881
0.042873
0.037634
0.034895
0.035907
0.035410
0.042446
0.040173
0.034350
0.034230
0.038730
0.038569
0.042193
0.036028
0.032473
0.038279
0.040728
0.039516
0.038112
0.034067
0.034432
0.043165
0.039611
0.037233
0.035343
0.035325
0.039144
0.043794
0.036272
0.034464
0.037137
0.037930
0.042425
0.039659
0.033530
0.035158
0.041203
0.039260
0.041242
0.035224
0.033626
0.039809
0.042626
0.038146
0.037383
0.034726
0.036582
0.044210
0.039554
0.035729
0.035780
0.037729
0.040177
0.043824
0.034991
0.034653
0.038804
0.040271
0.041546
0.039085
0.033188
0.036856
0.043203
0.039530
0.039733
0.035149
0.035306
0.041330
0.043710
0.036498
0.037046
0.036036
0.038902
0.044359
0.039231
0.034404
0.037103
0.040066
0.040835
0.043008
0.034207
0.035426
0.040766
0.042039
0.040045
0.038641
0.033548
0.039000
0.044452
0.039341
0.037918
0.035903
0.037159
0.042492
0.043698
0.034852
0.037013
0.037766
0.040725
0.043420
0.038550
0.033373
0.038845
0.041712
0.040678
0.041212
0.033923
0.036303
0.042365
0.042506
0.037859
0.038045
0.034312
0.040713
0.044408
0.038421
0.035909
0.037181
0.038650
0.042843
0.042484
0.033497
0.037181
0.039650
0.041614
0.041649
0.037739
0.032978
0.040728
0.042602
0.039876
0.039080
0.034489
0.037345
0.043644
0.041993
0.035822
0.037830
0.035822
0.041993
0.043644
0.037345
0.034489
0.039080
0.039876
0.042602
0.040728
0.032978
0.037739
0.041649
0.041614
0.039650
0.037181
0.033497
0.042484
0.042843
0.038650
0.037181
0.035909
0.038421
0.044408
0.040713
0.034312
0.038045
0.037859
0.042506
0.042365
0.036303
0.033923
0.041212
0.040678
0.041712
0.038845
0.033373
0.038550
0.043420
0.040725
0.037766
0.037013
0.034852
0.043698
0.042492
0.037159
0.035903
0.037918
0.039341
0.044452
0.039000
0.033548
0.038659
0.040082
0.042097
0.040841
0.035508
0.034302
0.043148
0.040987
0.040234
0.037275
0.034580
0.039450
0.044627
0.039155
0.036288
0.037322
0.036788
0.044077
0.041697
0.035635
0.035494
0.040141
0.039955
0.043688
0.037287
0.033592
0.039579
0.042091
0.040819
0.039350
0.035157
0.035516
0.044503
0.040819
0.038350
0.036386
0.036351
0.040261
0.045022
0.037272
0.035398
0.038124
0.038920
0.043511
0.040655
0.034356
0.036007
0.042178
0.040170
0.042178
0.036007
0.034356
0.040655
0.043511
0.038920
0.038124
0.035398
0.037272
0.045022
0.040261
0.036351
0.036386
0.038350
0.040819
0.044503
0.035516
0.035157
0.039350
0.040819
0.042091
0.039579
0.033592
0.037287
0.043688
0.039955
0.040141
0.035494
0.035635
0.041697
0.044077
0.036788
0.037322
0.036288
0.039155
0.044627
0.039450
0.034580
0.037275
0.040234
0.040987
0.043148
0.034302
0.035508
0.040841
0.042097
0.040082
0.038659
0.033548
0.039000
0.044452
0.039341
0.037918
0.035903
0.037159
0.042492
0.043698
0.034852
0.037013
0.037766
0.040725
0.043420
0.038550
0.033373
0.038845
0.041712
0.040678
0.041212
0.033923
0.036303
0.042365
0.042506
0.037859
0.038045
0.034312
0.040713
0.044408
0.038421
0.035909
0.037181
0.038650
0.042843
0.042484
0.033497
0.037181
0.039650
0.041614
0.041649
0.037739
0.032978
0.040728
0.042602
0.039876
0.039080
0.034489
0.037345
0.043644
0.041993
0.035822
0.037830
0.035822
0.041993
0.043644
0.037345
0.034489
0.039080
0.039876
0.042602
0.040728
0.032978
0.037739
0.041649
0.041614
0.039650
0.037181
0.033497
0.042484
0.042843
0.038650
0.037181
0.035909
0.038421
0.044408
0.040713
0.034312
0.038045
0.037859
0.042506
0.042365
0.036303
0.033923
0.041212
0.040678
0.041712
0.038845
0.033373
0.038550
0.043420
0.040725
0.037766
0.037013
0.034852
0.043698
0.042492
0.037159
0.035903
0.037918
0.039341
0.044452
0.039000
0.033548
0.038659
0.040082
0.042097
0.040841
0.035508
0.034302
0.043148
0.040987
0.040234
0.037275
0.034580
0.039450
0.044627
0.039155
0.036288
0.037322
0.036788
0.044077
0.041697
0.035635
0.035494
0.040141
0.039955
0.043688
0.037287
0.033592
0.039579
0.042091
0.040819
0.039350
0.035157
0.035516
0.044503
0.040819
0.038350
0.036386
0.036351
0.040261
0.045022
0.037272
0.035398
0.038124
0.038920
0.043511
0.040655
0.034356
0.036007
0.042178
0.040170
0.042178
0.036007
0.034356
0.040655
0.043511
0.038920
0.038124
0.035398
0.037272
0.045022
0.040261
0.036351
0.036386
0.038350
0.040819
0.044503
0.035516
0.035157
0.039350
0.040819
0.042091
0.039579
0.033592
0.037287
0.043688
0.039955
0.040141
0.035494
0.035635
0.041697
0.044077
0.036788
0.037322
0.036288
0.039155
0.044627
0.039450
0.034580
0.037275
0.040234
0.040987
0.043148
0.034302
0.035508
0.040841
0.042097
0.040082
0.038659
0.033548
0.039000
0.044452
0.039341
0.037918
0.035903
0.037159
0.042492
0.043698
0.034852
0.037013
0.037766
0.040725
0.043420
0.038550
0.033373
0.038845
0.041712
0.040678
0.041212
0.033923
0.036303
0.042365
0.042506
0.037859
0.038045
0.034312
0.040713
0.044408
0.038421
0.035909
0.037181
0.038650
0.042843
0.042484
0.033497
0.037181
0.039650
0.041614
0.041649
0.037739
0.032978
0.040728
0.042602
0.039876
0.039080
0.034489
0.037345
0.043644
0.041993
0.035822
0.037830
0.035822
0.041993
0.043644
0.037345
0.034489
0.039080
0.039876
0.042602
0.040728
0.032978
0.037739
0.041649
0.041614
0.039650
0.037181
0.033497
0.042484
0.042843
0.038650
0.037181
0.035909
0.038421
0.044408
0.040713
0.034312
0.038045
0.037859
0.042506
0.042365
0.036303
0.033923
0.041212
0.040678
0.041712
0.038845
0.033373
0.038550
0.043420
0.040725
0.037766
0.037013
0.034852
0.043698
0.042492
0.037159
0.035903
0.037918
0.039341
0.044452
0.039000
0.033548
0.038659
0.040082
0.042097
0.040841
0.035508
0.034302
0.043148
0.040987
0.040234
0.037275
0.034580
0.039450
0.044627
0.039155
0.036288
0.037322
0.036788
0.044077
0.041697
0.035635
0.035494
0.040141
0.039955
0.043688
0.037287
0.033592
0.039579
0.042091
0.040819
0.039350
0.035157
0.035516
0.044503
0.040819
0.038350
0.036386
0.036351
0.040261
0.045022
0.037272
0.035398
0.038124
0.038920
0.043511
0.040655
0.034356
0.036007
0.042178
0.040170
0.042178
0.036007
0.034356
0.040655
0.043511
0.038920
0.038124
0.035398
0.037272
0.045022
0.040261
0.036351
0.036386
0.038350
0.040819
0.044503
0.035516
0.035157
0.039350
0.040819
0.042091
0.039579
0.033592
0.037287
0.043688
0.039955
0.040141
0.035494
0.035635
0.041697
0.044077
0.036788
0.037322
0.036288
0.039155
0.044627
0.039450
0.034580
0.037275
0.040234
0.040987
0.043148
0.034302
0.035508
0.040841
0.042097
0.040082
0.038659
0.033548
0.039000
0.044452
0.039341
0.037918
0.035903
0.037159
0.042492
0.043698
0.034852
0.037013
0.037766
0.040725
0.043420
0.038550
0.033373
0.038845
0.041712
0.040678
0.041212
0.033923
0.036303
0.042365
0.042506
0.037859
0.038045
0.034312
0.040713
0.044408
0.038421
0.035909
0.037181
0.038650
0.042843
0.042484
0.033497
0.037181
0.039650
0.041614
0.041649
0.037739
0.032978
0.040728
0.042602
0.039876
0.039080
0.034489
0.037345
0.043644
0.041993
0.035822
0.037830
0.035822
0.041993
0.043644
0.037345
0.034489
0.039080
0.039876
0.042602
0.040728
0.032978
0.037739
0.041649
0.041614
0.039650
0.037181
0.033497
0.042484
0.042843
0.038650
0.037181
0.035909
0.038421
0.044408
0.040713
0.034312
0.038045
0.037859
0.042506
0.042365
0.036303
0.033923
0.041212
0.040678
0.041712
0.038845
0.033373
0.038550
0.043420
0.040725
0.037766
0.037013
0.034852
0.043698
0.042492
0.037159
0.035903
0.037918
0.039341
0.044452
0.039000
0.033548
0.038659
0.040082
0.042097
0.040841
0.035508
0.034302
0.043148
0.040987
0.040234
0.037275
0.034580
0.039450
0.044627
0.039155
0.036288
0.037322
0.036788
0.044077
0.041697
0.035635
0.035494
0.040141
0.039955
0.043688
0.037287
0.033592
0.039579
0.042091
0.040819
0.039350
0.035157
0.035516
0.044503
0.040819
0.038350
0.036386
0.036351
0.040261
0.045022
0.037272
0.035398
0.038124
0.038920
0.043511
0.040655
0.034356
0.036007
0.042178
0.040170
0.042178
0.036007
0.034356
0.040655
0.043511
0.038920
0.038124
0.035398
0.037272
0.045022
0.040261
0.036351
0.036386
0.038350
0.040819
0.044503
0.035516
0.035157
0.039350
0.040819
0.042091
0.039579
0.033592
0.037287
0.043688
0.039955
0.040141
0.035494
0.035635
0.041697
0.044077
0.036788
0.037322
0.036288
0.039155
0.044627
0.039450
0.034580
0.037275
0.040234
0.040987
0.043148
0.034302
0.035508
0.040841
0.042097
0.040082
0.038659
0.033548
0.039000
0.044452
0.039341
0.037918
0.035903
0.037159
0.042492
0.043698
0.034852
0.037013
0.037766
0.040725
0.043420
0.038550
0.033373
0.038845
0.041712
0.040678
0.041212
0.033923
0.036303
0.042365
0.042506
0.037859
0.038045
0.034312
0.040713
0.044408
0.038421
0.035909
0.037181
0.038650
0.042843
0.042484
0.033497
0.037181
0.039650
0.041614
0.041649
0.037739
0.032978
0.040728
0.042602
0.039876
0.039080
0.034489
0.037345
0.043644
0.041993
0.035822
0.037830
0.035822
0.041993
0.043644
0.037345
0.034489
0.039080
0.039876
0.042602
0.040728
0.032978
0.037739
0.041649
0.041614
0.039650
0.037181
0.033497
0.042484
0.042843
0.038650
0.037181
0.035909
0.038421
0.044408
0.040713
0.034312
0.038045
0.037859
0.042506
0.042365
0.036303
0.033923
0.041212
0.040678
0.041712
0.038845
0.033373
0.038550
0.043420
0.040725
0.037766
0.037013
0.034852
0.043698
0.042492
0.037159
0.035903
0.037918
0.039341
0.044452
0.039000
0.033548
0.038659
0.040082
0.042097
0.040841
0.035508
0.034302
0.043148
0.040987
0.040234
0.037275
0.034580
0.039450
0.044627
0.039155
0.036288
0.037322
0.036788
0.044077
0.041697
0.035635
0.035494
0.040141
0.039955
0.043688
0.037287
0.033592
0.039579
0.042091
0.040819
0.039350
0.035157
0.035516
0.044503
0.040819
0.038350
0.036386
0.036351
0.040261
0.045022
0.037272
0.035398
0.038124
0.038920
0.043511
0.040655
0.034356
0.036007
0.042178
0.040170
0.042178
0.036007
0.034356
0.040655
0.043511
0.038920
0.038124
0.035398
0.037272
0.045022
0.040261
0.036351
0.036386
0.038350
0.040819
0.044503
0.035516
0.035157
0.039350
0.040819
0.042091
0.039579
0.033592
0.037287
0.043688
0.039955
0.040141
0.035494
0.035635
0.041697
0.044077
0.036788
0.037322
0.036288
0.039155
0.044627
0.039450
0.034580
0.037275
0.040234
0.040987
0.043148
0.034302
0.035508
0.040841
0.042097
0.040082
0.038659
0.033548
0.039000
0.044452
0.039341
0.037918
0.035903
0.037159
0.042492
0.043698
0.034852
0.037013
0.037766
0.040725
0.043420
0.038550
0.033373
0.038845
0.041712
0.040678
0.041212
0.033923
0.036303
0.042365
0.042506
0.037859
0.038045
0.034312
0.040713
0.044408
0.038421
0.035909
0.037181
0.038650
0.042843
0.042484
0.033497
0.037181
0.039650
0.041614
0.041649
0.037739
0.032978
0.040728
0.042602
0.039876
0.039080
0.034489
0.037345
0.043644
0.041993
0.035822
0.037830
0.035822
0.041993
0.043644
0.037345
0.034489
0.039080
0.039876
0.042602
0.040728
0.032978
0.037739
0.041649
0.041614
0.039650
0.037181
0.033497
0.042484
0.042843
0.038650
0.037181
0.035909
0.038421
0.044408
0.040713
0.034312
0.038045
0.037859
0.042506
0.042365
0.036303
0.033923
0.041212
0.040678
0.041712
0.038845
0.033373
0.038550
0.043420
0.040725
0.037766
0.037013
0.034852
0.043698
0.042492
0.037159
0.035903
0.037918
0.039341
0.044452
0.039000
0.033548
0.038659
0.040082
0.042097
0.040841
0.035508
0.034302
0.043148
0.040987
0.040234
0.037275
0.034580
0.039450
0.044627
0.039155
0.036288
0.037322
0.036788
0.044077
0.041697
0.035635
0.035494
0.040141
0.039955
0.043688
0.037287
0.033592
0.039579
0.042091
0.040819
0.039350
0.035157
0.035516
0.044503
0.040819
0.038350
0.036386
0.036351
0.040261
0.045022
0.037272
0.035398
0.038124
0.038920
0.043511
0.040655
0.034356
0.036007
0.042178
0.040170
0.042178
0.036007
0.034356
0.040655
0.043511
0.038920
0.038124
0.035398
0.037272
0.045022
0.040261
0.036351
0.036386
0.038350
0.040819
0.044503
0.035516
0.035157
0.039350
0.040819
0.042091
0.039579
0.033592
0.037287
0.043688
0.039955
0.040141
0.035494
0.035635
0.041697
0.044077
0.036788
0.037322
0.036288
0.039155
0.044627
0.039450
0.034580
0.037275
0.040234
0.040987
0.043148
0.034302
0.035508
0.040841
0.042097
0.040082
0.038659
0.033548
0.039000
0.044452
0.039341
0.037918
0.035903
0.037159
0.042492
0.043698
0.034852
0.037013
0.037766
0.040725
0.043420
0.038550
0.033373
0.038845
0.041712
0.040678
0.041212
0.033923
0.036303
0.042365
0.042506
0.037859
0.038045
0.034312
0.040713
0.044408
0.038421
0.035909
0.037181
0.038650
0.042843
0.042484
0.033497
0.037181
0.039650
0.041614
0.041649
0.037739
0.032978
0.040728
0.042602
0.039876
0.039080
0.034489
0.037345
0.043644
0.041993
0.035822
0.037830
0.035822
0.041993
0.043644
0.037345
0.034489
0.039080
0.039876
0.042602
0.040728
0.032978
0.037739
0.041649
0.041614
0.039650
0.037181
0.033497
0.042484
0.042843
0.038650
0.037181
0.035909
0.038421
0.044408
0.040713
0.034312
0.038045
0.037859
0.042506
0.042365
0.036303
0.033923
0.041212
0.040678
0.041712
0.038845
0.033373
0.038550
0.043420
0.040725
0.037766
0.037013
0.034852
0.043698
0.042492
0.037159
0.035903
0.037918
0.039341
0.044452
0.039000
0.033548
0.038659
0.040082
0.042097
0.040841
0.035508
0.034302
0.043148
0.040987
0.040234
0.037275
0.034580
0.039450
0.044627
0.039155
0.036288
0.037322
0.036788
0.044077
0.041697
0.035635
0.035494
0.040141
0.039955
0.043688
0.037287
0.033592
0.039579
0.042091
0.040819
0.039350
0.035157
0.035516
0.044503
0.040819
0.038350
0.036386
0.036351
0.040261
0.045022
0.037272
0.035398
0.038124
0.038920
0.043511
0.040655
0.034356
0.036007
0.042178
0.040170
0.042178
0.036007
0.034356
0.040655
0.043511
0.038920
0.038124
0.035398
0.037272
0.045022
0.040261
0.036351
0.036386
0.038350
0.040819
0.044503
0.035516
0.035157
0.039350
0.040819
0.042091
0.039579
0.033592
0.037287
0.043688
0.039955
0.040141
0.035494
0.035635
0.041697
0.044077
0.036788
0.037322
0.036288
0.039155
0.044627
0.039450
0.034580
0.037275
0.040234
0.040987
0.043148
0.034302
0.035508
0.040841
0.042097
0.040082
0.038659
0.033548
0.039000
0.044452
0.039341
0.037918
0.035903
0.037159
0.042492
0.043698
0.034852
0.037013
0.037766
0.040725
0.043420
0.038550
0.033373
0.038845
0.041712
0.040678
0.041212
0.033923
0.036303
0.042365
0.042506
0.037859
0.038045
0.034312
0.040713
0.044408
0.038421
0.035909
0.037181
0.038650
0.042843
0.042484
0.033497
0.037181
0.039650
0.041614
0.041649
0.037739
0.032978
0.040728
0.042602
0.039876
0.039080
0.034489
0.037345
0.043644
0.041993
0.035822
0.037830
0.035822
0.041993
0.043644
0.037345
0.034489
0.039080
0.039876
0.042602
0.040728
0.032978
0.037739
0.041649
0.041614
0.039650
0.037181
0.033497
0.042484
0.042843
0.038650
0.037181
0.035909
0.038421
0.044408
0.040713
0.034312
0.038045
0.037859
0.042506
0.042365
0.036303
0.033923
0.041212
0.040678
0.041712
0.038845
0.033373
0.038550
0.043420
0.040725
0.037766
0.037013
0.034852
0.043698
0.042492
0.037159
0.035903
0.037918
0.039341
0.044452
0.039000
0.033548
0.038659
0.040082
0.042097
0.040841
0.035508
0.034302
0.043148
0.040987
0.040234
0.037275
0.034580
0.039450
0.044627
0.039155
0.036288
0.037322
0.036788
0.044077
0.041697
0.035635
0.035494
0.040141
0.039955
0.043688
0.037287
0.033592
0.039579
0.042091
0.040819
0.039350
0.035157
0.035516
0.044503
0.040819
0.038350
0.036386
0.036351
0.040261
0.045022
0.037272
0.035398
0.038124
0.038920
0.043511
0.040655
0.034356
0.036007
0.042178
0.040170
0.042178
0.036007
0.034356
0.040655
0.043511
0.038920
0.038124
0.035398
0.037272
0.045022
0.040261
0.036351
0.036386
0.038350
0.040819
0.044503
0.035516
0.035157
0.039350
0.040819
0.042091
0.039579
0.033592
0.037287
0.043688
0.039955
0.040141
0.035494
0.035635
0.041697
0.044077
0.036788
0.037322
0.036288
0.039155
0.044627
0.039450
0.034580
0.037275
0.040234
0.040987
0.043148
0.034302
0.035508
0.040841
0.042097
0.040082
0.038659
0.033548
0.039000
0.044452
0.039341
0.037918
0.035903
0.037159
0.042492
0.043698
0.034852
0.037013
0.037766
0.040725
0.043420
0.038550
0.033373
0.038845
0.041712
0.040678
0.041212
0.033923
0.036303
0.042365
0.042506
0.037859
0.038045
0.034312
0.040713
0.044408
0.038421
0.035909
0.037181
0.038650
0.042843
0.042484
0.033497
0.037181
0.039650
0.041614
0.041649
0.037739
0.032978
0.040728
0.042602
0.039876
0.039080
0.034489
0.037345
0.043644
0.041993
0.035822
0.037830
0.035822
0.041993
0.043644
0.037345
0.034489
0.039080
0.039876
0.042602
0.040728
0.032978
0.037739
0.041649
0.041614
0.039650
0.037181
0.033497
0.042484
0.042843
0.038650
0.037181
0.035909
0.038421
0.044408
0.040713
0.034312
0.038045
0.037859
0.042506
0.042365
0.036303
0.033923
0.041212
0.040678
0.041712
0.038845
0.033373
0.038550
0.043420
0.040725
0.037766
0.037013
0.034852
0.043698
0.042492
0.037159
0.035903
0.037918
0.039341
0.044452
0.039000
0.033548
0.038659
0.040082
0.042097
0.040841
0.035508
0.034302
0.043148
0.040987
0.040234
0.037275
0.034580
0.039450
0.044627
0.039155
0.036288
0.037322
0.036788
0.044077
0.041697
0.035635
0.035494
0.040141
0.039955
0.043688
0.037287
0.033592
0.039579
0.042091
0.040819
0.039350
0.035157
0.035516
0.044503
0.040819
0.038350
0.036386
0.036351
0.040261
0.045022
0.037272
0.035398
0.038124
0.038920
0.043511
0.040655
0.034356
0.036007
0.042178
0.040170
0.042178
0.036007
0.034356
0.040655
0.043511
0.038920
0.038124
0.035398
0.037272
0.045022
0.040261
0.036351
0.036386
0.038350
0.040819
0.044503
0.035516
0.035157
0.039350
0.040819
0.042091
0.039579
0.033592
0.037287
0.043688
0.039955
0.040141
0.035494
0.035635
0.041697
0.044077
0.036788
0.037322
0.036288
0.039155
0.044627
0.039450
0.034580
0.037275
0.040234
0.040987
0.043148
0.034302
0.035508
0.040841
0.042097
0.040082
0.038659
0.033548
0.039000
0.044452
0.039341
0.037918
0.035903
0.037159
0.042492
0.043698
0.034852
0.037013
0.037766
0.040725
0.043420
0.038550
0.033373
0.038845
0.041712
0.040678
0.041212
0.033923
0.036303
0.042365
0.042506
0.037859
0.038045
0.034312
0.040713
0.044408
0.038421
0.035909
0.037181
0.038650
0.042843
0.042484
0.033497
0.037181
0.039650
0.041614
0.041649
0.037739
0.032978
0.040728
0.042602
0.039876
0.039080
0.034489
0.037345
0.043644
0.041993
0.035822
0.037830
0.035822
0.041993
0.043644
0.037345
0.034489
0.039080
0.039876
0.042602
0.040728
0.032978
0.037739
0.041649
0.041614
0.039650
0.037181
0.033497
0.042484
0.042843
0.038650
0.037181
0.035909
0.038421
0.044408
0.040713
0.034312
0.038045
0.037859
0.042506
0.042365
0.036303
0.033923
0.041212
0.040678
0.041712
0.038845
0.033373
0.038550
0.043420
0.040725
0.037766
0.037013
0.034852
0.043698
0.042492
0.037159
0.035903
0.037918
0.039341
0.044452
0.039000
0.033548
0.038659
0.040082
0.042097
0.040841
0.035508
0.034302
0.043148
0.040987
0.040234
0.037275
0.034580
0.039450
0.044627
0.039155
0.036288
0.037322
0.036788
0.044077
0.041697
0.035635
0.035494
0.040141
0.039955
0.043688
0.037287
0.033592
0.039579
0.042091
0.040819
0.039350
0.035157
0.035516
0.044503
0.040819
0.038350
0.036386
0.036351
0.040261
0.045022
0.037272
0.035398
0.038124
0.038920
0.043511
0.040655
0.034356
0.036007
0.042178
0.040170
0.042178
0.036007
0.034356
0.040655
0.043511
0.038920
0.038124
0.035398
0.037272
0.045022
0.040261
0.036351
0.036386
0.038350
0.040819
0.044503
0.035516
0.035157
0.039350
0.040819
0.042091
0.039579
0.033592
0.037287
0.043688
0.039955
0.040141
0.035494
0.035635
0.041697
0.044077
0.036788
0.037322
0.036288
0.039155
0.044627
0.039450
0.034580
0.037275
0.040234
0.040987
0.043148
0.034302
0.035508
0.040841
0.042097
0.040082
0.038659
0.033548
0.039000
0.044452
0.039341
0.037918
0.035903
0.037159
0.042492
0.043698
0.034852
0.037013
0.037766
0.040725
0.043420
0.038550
0.033373
0.038845
0.041712
0.040678
0.041212
0.033923
0.036303
0.042365
0.042506
0.037859
0.038045
0.034312
0.040713
0.044408
0.038421
0.035909
0.037181
0.038650
0.042843
0.042484
0.033497
0.037181
0.039650
0.041614
0.041649
0.037739
0.032978
0.040728
0.042602
0.039876
0.039080
0.034489
0.037345
0.043644
0.041993
0.035822
0.037830
0.035822
0.041993
0.043644
0.037345
0.034489
0.039080
0.039876
0.042602
0.040728
0.032978
0.037739
0.041649
0.041614
0.039650
0.037181
0.033497
0.042484
0.042843
0.038650
0.037181
0.035909
0.038421
0.044408
0.040713
0.034312
0.038045
0.037859
0.042506
0.042365
0.036303
0.033923
0.041212
0.040678
0.041712
0.038845
0.033373
0.038550
0.043420
0.040725
0.037766
0.037013
0.034852
0.043698
0.042492
0.037159
0.035903
0.037918
0.039341
0.044452
0.039000
0.033548
0.038659
0.040082
0.042097
0.040841
0.035508
0.034302
0.043148
0.040987
0.040234
0.037275
0.034580
0.039450
0.044627
0.039155
0.036288
0.037322
0.036788
0.044077
0.041697
0.035635
0.035494
0.040141
0.039955
0.043688
0.037287
0.033592
0.039579
0.042091
0.040819
0.039350
0.035157
0.035516
0.044503
0.040819
0.038350
0.036386
0.036351
0.040261
0.045022
0.037272
0.035398
0.038124
0.038920
0.043511
0.040655
0.034356
0.036007
0.042178
0.040170
0.042178
0.036007
0.034356
0.040655
0.043511
0.038920
0.038124
0.035398
0.037272
0.045022
0.040261
0.036351
0.036386
0.038350
0.040819
0.044503
0.035516
0.035157
0.039350
0.040819
0.042091
0.039579
0.033592
0.037287
0.043688
0.039955
0.040141
0.035494
0.035635
0.041697
0.044077
0.036788
0.037322
0.036288
0.039155
0.044627
0.039450
0.034580
0.037275
0.040234
0.040987
0.043148
0.034302
0.035508
0.040841
0.042097
0.040082
0.038659
0.033548
0.039000
0.044452
0.039341
0.037918
0.035903
0.037159
0.042492
0.043698
0.034852
0.037013
0.037766
0.040725
0.043420
0.038550
0.033373
0.038845
0.041712
0.040678
0.041212
0.033923
0.036303
0.042365
0.042506
0.037859
0.038045
0.034312
0.040713
0.044408
0.038421
0.035909
0.037181
0.038650
0.042843
0.042484
0.033497
0.037181
0.039650
0.041614
0.041649
0.037739
0.032978
0.040728
0.042602
0.039876
0.039080
0.034489
0.037345
0.043644
0.041993
0.035822
0.037830
0.035822
0.041993
0.043644
0.037345
0.034489
0.039080
0.039876
0.042602
0.040728
0.032978
0.037739
0.041649
0.041614
0.039650
0.037181
0.033497
0.042484
0.042843
0.038650
0.037181
0.035909
0.038421
0.044408
0.040713
0.034312
0.038045
0.037859
0.042506
0.042365
0.036303
0.033923
0.041212
0.040678
0.041712
0.038845
0.033373
0.038550
0.043420
0.040725
0.037766
0.037013
0.034852
0.043698
0.042492
0.037159
0.035903
0.037918
0.039341
0.044452
0.039000
0.033548
0.038659
0.040082
0.042097
0.040841
0.035508
0.034302
0.043148
0.040987
0.040234
0.037275
0.034580
0.039450
0.044627
0.039155
0.036288
0.037322
0.036788
0.044077
0.041697
0.035635
0.035494
0.040141
0.039955
0.043688
0.037287
0.033592
0.039579
0.042091
0.040819
0.039350
0.035157
0.035516
0.044503
0.040819
0.038350
0.036386
0.036351
0.040261
0.045022
0.037272
0.035398
0.038124
0.038920
0.043511
0.040655
0.034356
0.036007
0.042178
0.040170
0.042178
0.036007
0.034356
0.040655
0.043511
0.038920
0.038124
0.035398
0.037272
0.045022
0.040261
0.036351
0.036386
0.038350
0.040819
0.044503
0.035516
0.035157
0.039350
0.040819
0.042091
0.039579
0.033592
0.037287
0.043688
0.039955
0.040141
0.035494
0.035635
0.041697
0.044077
0.036788
0.037322
0.036288
0.039155
0.044627
0.039450
0.034580
0.037275
0.040234
0.040987
0.043148
0.034302
0.035508
0.040841
0.042097
0.040082
0.038659
0.033548
0.039000
0.044452
0.039341
0.037918
0.035903
0.037159
0.042492
0.043698
0.034852
0.037013
0.037766
0.040725
0.043420
0.038550
0.033373
0.038845
0.041712
0.040678
0.041212
0.033923
0.036303
0.042365
0.042506
0.037859
0.038045
0.034312
0.040713
0.044408
0.038421
0.035909
0.037181
0.038650
0.042843
0.042484
0.033497
0.037181
0.039650
0.041614
0.041649
0.037739
0.032978
0.040728
0.042602
0.039876
0.039080
0.034489
0.037345
0.043644
0.041993
0.035822
0.037830
0.035822
0.041993
0.043644
0.037345
0.034489
0.039080
0.039876
0.042602
0.040728
0.032978
0.037739
0.041649
0.041614
0.039650
0.037181
0.033497
0.042484
0.042843
0.038650
0.037181
0.035909
0.038421
0.044408
0.040713
0.034312
0.038045
0.037859
0.042506
0.042365
0.036303
0.033923
0.041212
0.040678
0.041712
0.038845
0.033373
0.038550
0.043420
0.040725
0.037766
0.037013
0.034852
0.043698
0.042492
0.037159
0.035903
0.037918
0.039341
0.044452
0.039000
0.033548
0.038659
0.040082
0.042097
0.040841
0.035508
0.034302
0.043148
0.040987
0.040234
0.037275
0.034580
0.039450
0.044627
0.039155
0.036288
0.037322
0.036788
0.044077
0.041697
0.035635
0.035494
0.040141
0.039955
0.043688
0.037287
0.033592
0.039579
0.042091
0.040819
0.039350
0.035157
0.035516
0.044503
0.040819
0.038350
0.036386
0.036351
0.040261
0.045022
0.037272
0.035398
0.038124
0.038920
0.043511
0.040655
0.034356
0.036007
0.042178
0.040170
0.042178
0.036007
0.034356
0.040655
0.043511
0.038920
0.038124
0.035398
0.037272
0.045022
0.040261
0.036351
0.036386
0.038350
0.040819
0.044503
0.035516
0.035157
0.039350
0.040819
0.042091
0.039579
0.033592
0.037287
0.043688
0.039955
0.040141
0.035494
0.035635
0.041697
0.044077
0.036788
0.037322
0.036288
0.039155
0.044627
0.039450
0.034580
0.037275
0.040234
0.040987
0.043148
0.034302
0.035508
0.040841
0.042097
0.040082
0.038659
0.033548
0.039000
0.044452
0.039341
0.037918
0.035903
0.037159
0.042492
0.043698
0.034852
0.037013
0.037766
0.040725
0.043420
0.038550
0.033373
0.038845
0.041712
0.040678
0.041212
0.033923
0.036303
0.042365
0.042506
0.037859
0.038045
0.034312
0.040713
0.044408
0.038421
0.035909
0.037181
0.038650
0.042843
0.042484
0.033497
0.037181
0.039650
0.041614
0.041649
0.037739
0.032978
0.040728
0.042602
0.039876
0.039080
0.034489
0.037345
0.043644
0.041993
0.035822
0.037830
0.035822
0.041993
0.043644
0.037345
0.034489
0.039080
0.039876
0.042602
0.040728
0.032978
0.037739
0.041649
0.041614
0.039650
0.037181
0.033497
0.042484
0.042843
0.038650
0.037181
0.035909
0.038421
0.044408
0.040713
0.034312
0.038045
0.037859
0.042506
0.042365
0.036303
0.033923
0.041212
0.040678
0.041712
0.038845
0.033373
0.038550
0.043420
0.040725
0.037766
0.037013
0.034852
0.043698
0.042492
0.037159
0.035903
0.037918
0.039341
0.044452
0.039000
0.033548
0.038659
0.040082
0.042097
0.040841
0.035508
0.034302
0.043148
0.040987
0.040234
0.037275
0.034580
0.039450
0.044627
0.039155
0.036288
0.037322
0.036788
0.044077
0.041697
0.035635
0.035494
0.040141
0.039955
0.043688
0.037287
0.033592
0.039579
0.042091
0.040819
0.039350
0.035157
0.035516
0.044503
0.040819
0.038350
0.036386
0.036351
0.040261
0.045022
0.037272
0.035398
0.038124
0.038920
0.043511
0.040655
0.034356
0.036007
0.042178
0.040170
0.042178
0.036007
0.034356
0.040655
0.043511
0.038920
0.038124
0.035398
0.037272
0.045022
0.040261
0.036351
0.036386
0.038350
0.040819
0.044503
0.035516
0.035157
0.039350
0.040819
0.042091
0.039579
0.033592
0.037287
0.043688
0.039955
0.040141
0.035494
0.035635
0.041697
0.044077
0.036788
0.037322
0.036288
0.039155
0.044627
0.039450
0.034580
0.037275
0.040234
0.040987
0.043148
0.034302
0.035508
0.040841
0.042097
0.040082
0.038659
0.033548
0.039000
0.044452
0.039341
0.037918
0.035903
0.037159
0.042492
0.043698
0.034852
0.037013
0.037766
0.040725
0.043420
0.038550
0.033373
0.038845
0.041712
0.040678
0.041212
0.033923
0.036303
0.042365
0.042506
0.037859
0.038045
0.034312
0.040713
0.044408
0.038421
0.035909
0.037181
0.038650
0.042843
0.042484
0.033497
0.037181
0.039650
0.041614
0.041649
0.037739
0.032978
0.040728
0.042602
0.039876
0.039080
0.034489
0.037345
0.043644
0.041993
0.035822
0.037830
0.035822
0.041993
0.043644
0.037345
0.034489
0.039080
0.039876
0.042602
0.040728
0.032978
0.037739
0.041649
0.041614
0.039650
0.037181
0.033497
0.042484
0.042843
0.038650
0.037181
0.035909
0.038421
0.044408
0.040713
0.034312
0.038045
0.037859
0.042506
0.042365
0.036303
0.033923
0.041212
0.040678
0.041712
0.038845
0.033373
0.038550
0.043420
0.040725
0.037766
0.037013
0.034852
0.043698
0.042492
0.037159
0.035903
0.037918
0.039341
0.044452
0.039000
0.033548
0.038659
0.040082
0.042097
0.040841
0.035508
0.034302
0.043148
0.040987
0.040234
0.037275
0.034580
0.039450
0.044627
0.039155
0.036288
0.037322
0.036788
0.044077
0.041697
0.035635
0.035494
0.040141
0.039955
0.043688
0.037287
0.033592
0.039579
0.042091
0.040819
0.039350
0.035157
0.035516
0.044503
0.040819
0.038350
0.036386
0.036351
0.040261
0.045022
0.037272
0.035398
0.038124
0.038920
0.043511
0.040655
0.034356
0.036007
0.042178
0.040170
0.042178
0.036007
0.034356
0.040655
0.043511
0.038920
0.038124
0.035398
0.037272
0.045022
0.040261
0.036351
0.036386
0.038350
0.040819
0.044503
0.035516
0.035157
0.039350
0.040819
0.042091
0.039579
0.033592
0.037287
0.043688
0.039955
0.040141
0.035494
0.035635
0.041697
0.044077
0.036788
0.037322
0.036288
0.039155
0.044627
0.039450
0.034580
0.037275
0.040234
0.040987
0.043148
0.034302
0.035508
0.040841
0.042097
0.040082
0.038659
0.033548
0.039000
0.044452
0.039341
0.037918
0.035903
0.037159
0.042492
0.043698
0.034852
0.037013
0.037766
0.040725
0.043420
0.038550
0.033373
0.038845
0.041712
0.040678
0.041212
0.033923
0.036303
0.042365
0.042506
0.037859
0.038045
0.034312
0.040713
0.044408
0.038421
0.035909
0.037181
0.038650
0.042843
0.042484
0.033497
0.037181
0.039650
0.041614
0.041649
0.037739
0.032978
0.040728
0.042602
0.039876
0.039080
0.034489
0.037345
0.043644
0.041993
0.035822
0.037830
0.035822
0.041993
0.043644
0.037345
0.034489
0.039080
0.039876
0.042602
0.040728
0.032978
0.037739
0.041649
0.041614
0.039650
0.037181
0.033497
0.042484
0.042843
0.038650
0.037181
0.035909
0.038421
0.044408
0.040713
0.034312
0.038045
0.037859
0.042506
0.042365
0.036303
0.033923
0.041212
0.040678
0.041712
0.038845
0.033373
0.038550
0.043420
0.040725
0.037766
0.037013
0.034852
0.043698
0.042492
0.037159
0.035903
0.037918
0.039341
0.044452
0.039000
0.033548
0.038659
0.040082
0.042097
0.040841
0.035508
0.034302
0.043148
0.040987
0.040234
0.037275
0.034580
0.039450
0.044627
0.039155
0.036288
0.037322
0.036788
0.044077
0.041697
0.035635
0.035494
0.040141
0.039955
0.043688
0.037287
0.033592
0.039579
0.042091
0.040819
0.039350
0.035157
0.035516
0.044503
0.040819
0.038350
0.036386
0.036351
0.040261
0.045022
0.037272
0.035398
0.038124
0.038920
0.043511
0.040655
0.034356
0.036007
0.042178
0.040170
0.042178
0.036007
0.034356
0.040655
0.043511
0.038920
0.038124
0.035398
0.037272
0.045022
0.040261
0.036351
0.036386
0.038350
0.040819
0.044503
0.035516
0.035157
0.039350
0.040819
0.042091
0.039579
0.033592
0.037287
0.043688
0.039955
0.040141
0.035494
0.035635
0.041697
0.044077
0.036788
0.037322
0.036288
0.039155
0.044627
0.039450
0.034580
0.037275
0.040234
0.040987
0.043148
0.034302
0.035508
0.040841
0.042097
0.040082
0.038659
0.033548
0.039000
0.044452
0.039341
0.037918
0.035903
0.037159
0.042492
0.043698
0.034852
0.037013
0.037766
0.040725
0.043420
0.038550
0.033373
0.038845
0.041712
0.040678
0.041212
0.033923
0.036303
0.042365
0.042506
0.037859
0.038045
0.034312
0.040713
0.044408
0.038421
0.035909
0.037181
0.038650
0.042843
0.042484
0.033497
0.037181
0.039650
0.041614
0.041649
0.037739
0.032978
0.040728
0.042602
0.039876
0.039080
0.034489
0.037345
0.043644
0.041993
0.035822
0.037830
0.035822
0.041993
0.043644
0.037345
0.034489
0.039080
0.039876
0.042602
0.040728
0.032978
0.037739
0.041649
0.041614
0.039650
0.037181
0.033497
0.042484
0.042843
0.038650
0.037181
0.035909
0.038421
0.044408
0.040713
0.034312
0.038045
0.037859
0.042506
0.042365
0.036303
0.033923
0.041212
0.040678
0.041712
0.038845
0.033373
0.038550
0.043420
0.040725
0.037766
0.037013
0.034852
0.043698
0.042492
0.037159
0.035903
0.037918
0.039341
0.044452
0.039000
0.033548
0.038659
0.040082
0.042097
0.040841
0.035508
0.034302
0.043148
0.040987
0.040234
0.037275
0.034580
0.039450
0.044627
0.039155
0.036288
0.037322
0.036788
0.044077
0.041697
0.035635
0.035494
0.040141
0.039955
0.043688
0.037287
0.033592
0.039579
0.042091
0.040819
0.039350
0.035157
0.035516
0.044503
0.040819
0.038350
0.036386
0.036351
0.040261
0.045022
0.037272
0.035398
0.038124
0.038920
0.043511
0.040655
0.034356
0.036007
0.042178
0.040170
0.042178
0.036007
0.034356
0.040655
0.043511
0.038920
0.038124
0.035398
0.037272
0.045022
0.040261
0.036351
0.036386
0.038350
0.040819
0.044503
0.035516
0.035157
0.039350
0.040819
0.042091
0.039579
0.033592
0.037287
0.043688
0.039955
0.040141
0.035494
0.035635
0.041697
0.044077
0.036788
0.037322
0.036288
0.039155
0.044627
0.039450
0.034580
0.037275
0.040234
0.040987
0.043148
0.034302
0.035508
0.040841
0.042097
0.040082
0.038659
0.033548
0.039000
0.044452
0.039341
0.037918
0.035903
0.037159
0.042492
0.043698
0.034852
0.037013
0.037766
0.040725
0.043420
0.038550
0.033373
0.038845
0.041712
0.040678
0.041212
0.033923
0.036303
0.042365
0.042506
0.037859
0.038045
0.034312
0.040713
0.044408
0.038421
0.035909
0.037181
0.038650
0.042843
0.042484
0.033497
0.037181
0.039650
0.041614
0.041649
0.037739
0.032978
0.040728
0.042602
0.039876
0.039080
0.034489
0.037345
0.043644
0.041993
0.035822
0.037830
0.035822
0.041993
0.043644
0.037345
0.034489
0.039080
0.039876
0.042602
0.040728
0.032978
0.037739
0.041649
0.041614
0.039650
0.037181
0.033497
0.042484
0.042843
0.038650
0.037181
0.035909
0.038421
0.044408
0.040713
0.034312
0.038045
0.037859
0.042506
0.042365
0.036303
0.033923
0.041212
0.040678
0.041712
0.038845
0.033373
0.038550
0.043420
0.040725
0.037766
0.037013
0.034852
0.043698
0.042492
0.037159
0.035903
0.037918
0.039341
0.044452
0.039000
0.033548
0.038659
0.040082
0.042097
0.040841
0.035508
0.034302
0.043148
0.040987
0.040234
0.037275
0.034580
0.039450
0.044627
0.039155
0.036288
0.037322
0.036788
0.044077
0.041697
0.035635
0.035494
0.040141
0.039955
0.043688
0.037287
0.033592
0.039579
0.042091
0.040819
0.039350
0.035157
0.035516
0.044503
0.040819
0.038350
0.036386
0.036351
0.040261
0.045022
0.037272
0.035398
0.038124
0.038920
0.043511
0.040655
0.034356
0.036007
0.042178
0.040170
0.042178
0.036007
0.034356
0.040655
0.043511
0.038920
0.038124
0.035398
0.037272
0.045022
0.040261
0.036351
0.036386
0.038350
0.040819
0.044503
0.035516
0.035157
0.039350
0.040819
0.042091
0.039579
0.033592
0.037287
0.043688
0.039955
0.040141
0.035494
0.035635
0.041697
0.044077
0.036788
0.037322
0.036288
0.039155
0.044627
0.039450
0.034580
0.037275
0.040234
0.040987
0.043148
0.034302
0.035508
0.040841
0.042097
0.040082
0.038659
0.033548
0.039000
0.044452
0.039341
0.037918
0.035903
0.037159
0.042492
0.043698
0.034852
0.037013
0.037766
0.040725
0.043420
0.038550
0.033373
0.038845
0.041712
0.040678
0.041212
0.033923
0.036303
0.042365
0.042506
0.037859
0.038045
0.034312
0.040713
0.044408
0.038421
0.035909
0.037181
0.038650
0.042843
0.042484
0.033497
0.037181
0.039650
0.041614
0.041649
0.037739
0.032978
0.040728
0.042602
0.039876
0.039080
0.034489
0.037345
0.043644
0.041993
0.035822
0.037830
0.035822
0.041993
0.043644
0.037345
0.034489
0.039080
0.039876
0.042602
0.040728
0.032978
0.037739
0.041649
0.041614
0.039650
0.037181
0.033497
0.042484
0.042843
0.038650
0.037181
0.035909
0.038421
0.044408
0.040713
0.034312
0.038045
0.037859
0.042506
0.042365
0.036303
0.033923
0.041212
0.040678
0.041712
0.038845
0.033373
0.038550
0.043420
0.040725
0.037766
0.037013
0.034852
0.043698
0.042492
0.037159
0.035903
0.037918
0.039341
0.044452
0.039000
0.033548
0.038659
0.040082
0.042097
0.040841
0.035508
0.034302
0.043148
0.040987
0.040234
0.037275
0.034580
0.039450
0.044627
0.039155
0.036288
0.037322
0.036788
0.044077
0.041697
0.035635
0.035494
0.040141
0.039955
0.043688
0.037287
0.033592
0.039579
0.042091
0.040819
0.039350
0.035157
0.035516
0.044503
0.040819
0.038350
0.036386
0.036351
0.040261
0.045022
0.037272
0.035398
0.038124
0.038920
0.043511
0.040655
0.034356
0.036007
0.042178
0.040170
0.042178
0.036007
0.034356
0.040655
0.043511
0.038920
0.038124
0.035398
0.037272
0.045022
0.040261
0.036351
0.036386
0.038350
0.040819
0.044503
0.035516
0.035157
0.039350
0.040819
0.042091
0.039579
0.033592
0.037287
0.043688
0.039955
0.040141
0.035494
0.035635
0.041697
0.044077
0.036788
0.037322
0.036288
0.039155
0.044627
0.039450
0.034580
0.037275
0.040234
0.040987
0.043148
0.034302
0.035508
0.040841
0.042097
0.040082
0.038659
0.033548
0.039000
0.044452
0.039341
0.037918
0.035903
0.037159
0.042492
0.043698
0.034852
0.037013
0.037766
0.040725
0.043420
0.038550
0.033373
0.038845
0.041712
0.040678
0.041212
0.033923
0.036303
0.042365
0.042506
0.037859
0.038045
0.034312
0.040713
0.044408
0.038421
0.035909
0.037181
0.038650
0.042843
0.042484
0.033497
0.037181
0.039650
0.041614
0.041649
0.037739
0.032978
0.040728
0.042602
0.039876
0.039080
0.034489
0.037345
0.043644
0.041993
0.035822
0.037830
0.035822
0.041993
0.043644
0.037345
0.034489
0.039080
0.039876
0.042602
0.040728
0.032978
0.037739
0.041649
0.041614
0.039650
0.037181
0.033497
0.042484
0.042843
0.038650
0.037181
0.035909
0.038421
0.044408
0.040713
0.034312
0.038045
0.037859
0.042506
0.042365
0.036303
0.033923
0.041212
0.040678
0.041712
0.038845
0.033373
0.038550
0.043420
0.040725
0.037766
0.037013
0.034852
0.043698
0.042492
0.037159
0.035903
0.037918
0.039341
0.044452
0.039000
0.033548
0.038659
0.040082
0.042097
0.040841
0.035508
0.034302
0.043148
0.040987
0.040234
0.037275
0.034580
0.039450
0.044627
0.039155
0.036288
0.037322
0.036788
0.044077
0.041697
0.035635
0.035494
0.040141
0.039955
0.043688
0.037287
0.033592
0.039579
0.042091
0.040819
0.039350
0.035157
0.035516
0.044503
0.040819
0.038350
0.036386
0.036351
0.040261
0.045022
0.037272
0.035398
0.038124
0.038920
0.043511
0.040655
0.034356
0.036007
0.042178
0.040170
0.042178
0.036007
0.034356
0.040655
0.043511
0.038920
0.038124
0.035398
0.037272
0.045022
0.040261
0.036351
0.036386
0.038350
0.040819
0.044503
0.035516
0.035157
0.039350
0.040819
0.042091
0.039579
0.033592
0.037287
0.043688
0.039955
0.040141
0.035494
0.035635
0.041697
0.044077
0.036788
0.037322
0.036288
0.039155
0.044627
0.039450
0.034580
0.037275
0.040234
0.040987
0.043148
0.034302
0.035508
0.040841
0.042097
0.040082
0.038659
0.033548
0.039000
0.044432
0.039304
0.037866
0.035837
0.037073
0.042374
0.043556
0.034723
0.036859
0.037592
0.040518
0.043179
0.038319
0.033157
0.038575
0.041404
0.040358
0.040869
0.033625
0.035968
0.041953
0.042074
0.037456
0.037623
0.033915
0.040224
0.043854
0.037924
0.035427
0.036666
0.038096
0.042209
0.041835
0.032970
0.036579
0.038990
0.040902
0.040917
0.037058
0.032368
0.039956
0.041775
0.039083
0.038284
0.033771
0.036550
0.042695
0.041061
0.035010
0.036955
0.034977
0.040983
0.042574
0.036412
0.033612
0.038067
0.038825
0.041460
0.039617
0.032063
0.036674
0.040455
0.040401
0.038476
0.036063
0.032475
0.041167
0.041496
0.037417
0.035978
0.034730
0.037142
0.042909
0.039320
0.033122
0.036708
0.036511
0.040973
0.040817
0.034960
0.032652
0.039650
0.039117
0.040092
0.037318
0.032046
0.036999
0.041653
0.039049
0.036194
0.035455
0.033369
0.041818
0.040645
0.035526
0.034309
0.036217
0.037558
0.042417
0.037196
0.031981
0.036836
0.038173
0.040072
0.038858
0.033767
0.032605
0.040993
0.038921
0.038187
0.035362
0.032789
0.037388
0.042274
0.037073
0.034341
0.035302
0.034780
0.041651
0.039383
0.033641
0.033491
0.037858
0.037664
0.041163
0.035114
0.031619
0.037236
0.039580
0.038365
0.036966
0.033011
0.033332
0.041745
0.038271
0.035938
0.034081
0.034031
0.037673
0.042107
0.034842
0.033073
0.035603
0.036329
0.040593
0.037910
0.032021
0.033543
0.039272
0.037383
0.039233
0.033476
0.031925
0.037760
0.040392
0.036113
0.035356
0.032811
0.034531
0.041691
0.037264
0.033627
0.033643
0.035442
0.037704
0.041086
0.032773
0.032425
0.036274
0.037610
0.038762
0.036431
0.030904
0.034286
0.040152
0.036703
0.036855
0.032572
0.032685
0.038226
0.040388
0.033691
0.034163
0.033200
0.035805
0.040788
0.036038
0.031574
0.034017
0.036698
0.037367
0.039317
0.031241
0.032322
0.037158
0.038281
0.036430
0.035119
0.030460
0.035393
0.040320
0.035666
0.034358
0.032516
0.033636
0.038444
0.039515
0.031499
0.033435
0.034099
0.036751
0.039163
0.034753
0.030070
0.034983
0.037546
0.036596
0.037058
0.030487
0.032610
0.038035
0.038142
0.033954
0.034104
0.030742
0.036458
0.039746
0.034370
0.032106
0.033227
0.034521
0.038247
0.037906
0.029872
0.033140
0.035322
0.037053
0.037065
0.033568
0.029318
0.036189
0.037835
0.035395
0.034670
0.030581
0.033096
0.038658
0.037177
0.031697
0.033456
0.031664
0.037099
0.038537
0.032958
0.030422
0.034453
0.035137
0.037519
0.035850
0.029013
0.033184
0.036603
0.036552
0.034809
0.032624
0.029377
0.037238
0.037533
0.033842
0.032539
0.031409
0.033588
0.038801
0.035554
0.029948
0.033189
0.033009
0.037042
0.036898
0.031602
0.029515
0.035838
0.035354
0.036234
0.033725
0.028959
0.033434
0.037637
0.035282
0.032701
0.032032
0.030146
0.037777
0.036715
0.032089
0.030988
0.032710
0.033919
0.038306
0.033589
0.028878
0.033260
0.034465
0.036179
0.035080
0.030483
0.029432
0.037002
0.035130
0.034466
0.031914
0.029591
0.033739
0.038147
0.033451
0.030985
0.031850
0.031377
0.037575
0.035526
0.030345
0.030208
0.034145
0.033968
0.037122
0.031665
0.028512
0.033575
0.035687
0.034589
0.033326
0.029759
0.030047
0.037629
0.034495
0.032391
0.030715
0.030669
0.033949
0.037943
0.031394
0.029799
0.032076
0.032729
0.036569
0.034150
0.028843
0.030212
0.035371
0.033668
0.035332
0.030146
0.028748
0.033999
0.036368
0.032513
0.031830
0.029537
0.031084
0.037527
0.033540
0.030265
0.030278
0.031894
0.033929
0.036970
0.029488
0.029174
0.032635
0.033834
0.034869
0.032770
0.027797
0.030838
0.036112
0.033007
0.033143
0.029289
0.029389
0.034369
0.036311
0.030289
0.030711
0.029843
0.032184
0.036661
0.032389
0.028375
0.030569
0.032977
0.033576
0.035326
0.028068
0.029038
0.033381
0.034388
0.032723
0.031544
0.027357
0.031786
0.036209
0.032027
0.030851
0.029195
0.030199
0.034514
0.035473
0.028276
0.030012
0.030606
0.032984
0.035147
0.031187
0.026983
0.031390
0.033688
0.032833
0.033246
0.027350
0.029252
0.034116
0.034211
0.030453
0.030585
0.027568
0.032692
0.035639
0.030816
0.028785
0.029788
0.030947
0.034284
0.033976
0.026774
0.029701
0.031655
0.033204
0.033213
0.030077
0.026267
0.032422
0.033894
0.031707
0.031055
0.027391
0.029642
0.034622
0.033293
0.028383
0.029957
0.028350
0.033215
0.034500
0.029504
0.027232
0.030838
0.031449
0.033579
0.032083
0.025962
0.029693
0.032750
0.032703
0.031142
0.029185
0.026278
0.033308
0.033571
0.030267
0.029100
0.028087
0.030035
0.034694
0.031788
0.026775
0.029670
0.029507
0.033110
0.032980
0.028245
0.026377
0.032026
0.031592
0.032376
0.030132
0.025872
0.029868
0.033621
0.031515
0.029208
0.028608
0.026922
0.033735
0.032785
0.028653
0.027667
0.029203
0.030280
0.034194
0.030000
0.025806
0.029738
0.030832
0.032382
0.031416
0.027314
0.026386
0.033191
0.031529
0.030949
0.028673
0.026600
0.030346
0.034328
0.030119
0.027913
0.028709
0.028298
0.033905
0.032074
0.027412
0.027303
0.030878
0.030734
0.033606
0.028682
0.025840
0.030445
0.032378
0.031399
0.030269
0.027044
0.027320
0.034233
0.031399
0.029500
0.027989
0.027962
0.030970
0.034632
0.028671
0.027229
0.029326
0.029939
0.033470
0.031273
0.026428
0.027698
0.032445
0.030900
0.032445
0.027698
0.026428
0.031273
0.033470
0.029939
0.029326
0.027229
0.028671
0.034632
0.030970
0.027962
0.027989
0.029500
0.031399
0.034233
0.027320
0.027044
0.030269
0.031399
0.032378
0.030445
0.025840
0.028682
0.033606
0.030734
0.030878
0.027303
0.027412
0.032074
0.033905
0.028298
0.028709
0.027913
0.030119
0.034328
0.030346
0.026600
0.028673
0.030949
0.031529
0.033191
0.026386
0.027314
0.031416
0.032382
0.030832
0.029738
0.025806
0.030000
0.034194
0.030262
0.029168
0.027618
0.028584
0.032686
0.033614
0.026809
0.028471
0.029051
0.031327
0.033400
0.029654
0.025672
0.029881
0.032087
0.031291
0.031702
0.026095
0.027926
0.032588
0.032697
0.029122
0.029266
0.026394
0.031318
0.034160
0.029555
0.027622
0.028601
0.029731
0.032956
0.032680
0.025767
0.028601
0.030500
0.032011
0.032038
0.029030
0.025368
0.031329
0.032771
0.030674
0.030061
0.026530
0.028727
0.033572
0.032302
0.027555
0.029100
0.027555
0.032302
0.033572
0.028727
0.026530
0.030061
0.030674
0.032771
0.031329
0.025368
0.029030
0.032038
0.032011
0.030500
0.028601
0.025767
0.032680
0.032956
0.029731
0.028601
0.027622
0.029555
0.034160
0.031318
0.026394
0.029266
0.029122
0.032697
0.032588
0.027926
0.026095
0.031702
0.031291
0.032087
0.029881
0.025672
0.029654
0.033400
0.031327
0.029051
0.028471
0.026809
0.033614
0.032686
0.028584
0.027618
0.029168
0.030262
0.034194
0.030000
0.025806
0.029738
0.030832
0.032382
0.031416
0.027314
0.026386
0.033191
0.031529
0.030949
0.028673
0.026600
0.030346
0.034328
0.030119
0.027913
0.028709
0.028298
0.033905
0.032074
0.027412
0.027303
0.030878
0.030734
0.033606
0.028682
0.025840
0.030445
0.032378
0.031399
0.030269
0.027044
0.027320
0.034233
0.031399
0.029500
0.027989
0.027962
0.030970
0.034632
0.028671
0.027229
0.029326
0.029939
0.033470
0.031273
0.026428
0.027698
0.032445
0.030900
0.032445
0.027698
0.026428
0.031273
0.033470
0.029939
0.029326
0.027229
0.028671
0.034632
0.030970
0.027962
0.027989
0.029500
0.031399
0.034233
0.027320
0.027044
0.030269
0.031399
0.032378
0.030445
0.025840
0.028682
0.033606
0.030734
0.030878
0.027303
0.027412
0.032074
0.033905
0.028298
0.028709
0.027913
0.030119
0.034328
0.030346
0.026600
0.028673
0.030949
0.031529
0.033191
0.026386
0.027314
0.031416
0.032382
0.030832
0.029738
0.025806
0.030000
0.034194
0.030262
0.029168
0.027618
0.028584
0.032686
0.033614
0.026809
0.028471
0.029051
0.031327
0.033400
0.029654
0.025672
0.029881
0.032087
0.031291
0.031702
0.026095
0.027926
0.032588
0.032697
0.029122
0.029266
0.026394
0.031318
0.034160
0.029555
0.027622
0.028601
0.029731
0.032956
0.032680
0.025767
0.028601
0.030500
0.032011
0.032038
0.029030
0.025368
0.031329
0.032771
0.030674
0.030061
0.026530
0.028727
0.033572
0.032302
0.027555
0.029100
0.027555
0.032302
0.033572
0.028727
0.026530
0.030061
0.030674
0.032771
0.031329
0.025368
0.029030
0.032038
0.032011
0.030500
0.028601
0.025767
0.032680
0.032956
0.029731
0.028601
0.027622
0.029555
0.034160
0.031318
0.026394
0.029266
0.029122
0.032697
0.032588
0.027926
0.026095
0.031702
0.031291
0.032087
0.029881
0.025672
0.029654
0.033400
0.031327
0.029051
0.028471
0.026809
0.033614
0.032686
0.028584
0.027618
0.029168
0.030262
0.034194
0.030000
0.025806
0.029738
0.030832
0.032382
0.031416
0.027314
0.026386
0.033191
0.031529
0.030949
0.028673
0.026600
0.030346
0.034328
0.030119
0.027913
0.028709
0.028298
0.033905
0.032074
0.027412
0.027303
0.030878
0.030734
0.033606
0.028682
0.025840
0.030445
0.032378
0.031399
0.030269
0.027044
0.027320
0.034233
0.031399
0.029500
0.027989
0.027962
0.030970
0.034632
0.028671
0.027229
0.029326
0.029939
0.033470
0.031273
0.026428
0.027698
0.032445
0.030900
0.032445
0.027698
0.026428
0.031273
0.033470
0.029939
0.029326
0.027229
0.028671
0.034632
0.030970
0.027962
0.027989
0.029500
0.031399
0.034233
0.027320
0.027044
0.030269
0.031399
0.032378
0.030445
0.025840
0.028682
0.033606
0.030734
0.030878
0.027303
0.027412
0.032074
0.033905
0.028298
0.028709
0.027913
0.030119
0.034328
0.030346
0.026600
0.028673
0.030949
0.031529
0.033191
0.026386
0.027314
0.031416
0.032382
0.030832
0.029738
0.025806
0.030000
0.034194
0.030262
0.029168
0.027618
0.028584
0.032686
0.033614
0.026809
0.028471
0.029051
0.031327
0.033400
0.029654
0.025672
0.029881
0.032087
0.031291
0.031702
0.026095
0.027926
0.032588
0.032697
0.029122
0.029266
0.026394
0.031318
0.034160
0.029555
0.027622
0.028601
0.029731
0.032956
0.032680
0.025767
0.028601
0.030500
0.032011
0.032038
0.029030
0.025368
0.031329
0.032771
0.030674
0.030061
0.026530
0.028727
0.033572
0.032302
0.027555
0.029100
0.027555
0.032302
0.033572
0.028727
0.026530
0.030061
0.030674
0.032771
0.031329
0.025368
0.029030
0.032038
0.032011
0.030500
0.028601
0.025767
0.032680
0.032956
0.029731
0.028601
0.027622
0.029555
0.034160
0.031318
0.026394
0.029266
0.029122
0.032697
0.032588
0.027926
0.026095
0.031702
0.031291
0.032087
0.029881
0.025672
0.029654
0.033400
0.031327
0.029051
0.028471
0.026809
0.033614
0.032686
0.028584
0.027618
0.029168
0.030262
0.034194
0.030000
0.025806
0.029738
0.030832
0.032382
0.031416
0.027314
0.026386
0.033191
0.031529
0.030949
0.028673
0.026600
0.030346
0.034328
0.030119
0.027913
0.028709
0.028298
0.033905
0.032074
0.027412
0.027303
0.030878
0.030734
0.033606
0.028682
0.025840
0.030445
0.032378
0.031399
0.030269
0.027044
0.027320
0.034233
0.031399
0.029500
0.027989
0.027962
0.030970
0.034632
0.028671
0.027229
0.029326
0.029939
0.033470
0.031273
0.026428
0.027698
0.032445
0.030900
0.032445
0.027698
0.026428
0.031273
0.033470
0.029939
0.029326
0.027229
0.028671
0.034632
0.030970
0.027962
0.027989
0.029500
0.031399
0.034233
0.027320
0.027044
0.030269
0.031399
0.032378
0.030445
0.025840
0.028682
0.033606
0.030734
0.030878
0.027303
0.027412
0.032074
0.033905
0.028298
0.028709
0.027913
0.030119
0.034328
0.030346
0.026600
0.028673
0.030949
0.031529
0.033191
0.026386
0.027314
0.031416
0.032382
0.030832
0.029738
0.025806
0.030000
0.034194
0.030262
0.029168
0.027618
0.028584
0.032686
0.033614
0.026809
0.028471
0.029051
0.031327
0.033400
0.029654
0.025672
0.029881
0.032087
0.031291
0.031702
0.026095
0.027926
0.032588
0.032697
0.029122
0.029266
0.026394
0.031318
0.034160
0.029555
0.027622
0.028601
0.029731
0.032956
0.032680
0.025767
0.028601
0.030500
0.032011
0.032038
0.029030
0.025368
0.031329
0.032771
0.030674
0.030061
0.026530
0.028727
0.033572
0.032302
0.027555
0.029100
0.027555
0.032302
0.033572
0.028727
0.026530
0.030061
0.030674
0.032771
0.031329
0.025368
0.029030
0.032038
0.032011
0.030500
0.028601
0.025767
0.032680
0.032956
0.029731
0.028601
0.027622
0.029555
0.034160
0.031318
0.026394
0.029266
0.029122
0.032697
0.032588
0.027926
0.026095
0.031702
0.031291
0.032087
0.029881
0.025672
0.029654
0.033400
0.031327
0.029051
0.028471
0.026809
0.033614
0.032686
0.028584
0.027618
0.029168
0.030262
0.034194
0.030000
0.025806
0.029738
0.030832
0.032382
0.031416
0.027314
0.026386
0.033191
0.031529
0.030949
0.028673
0.026600
0.030346
0.034328
0.030119
0.027913
0.028709
0.028298
0.033905
0.032074
0.027412
0.027303
0.030878
0.030734
0.033606
0.028682
0.025840
0.030445
0.032378
0.031399
0.030269
0.027044
0.027320
0.034233
0.031399
0.029500
0.027989
0.027962
0.030970
0.034632
0.028671
0.027229
0.029326
0.029939
0.033470
0.031273
0.026428
0.027698
0.032445
0.030900
0.032445
0.027698
0.026428
0.031273
0.033470
0.029939
0.029326
0.027229
0.028671
0.034632
0.030970
0.027962
0.027989
0.029500
0.031399
0.034233
0.027320
0.027044
0.030269
0.031399
0.032378
0.030445
0.025840
0.028682
0.033606
0.030734
0.030878
0.027303
0.027412
0.032074
0.033905
0.028298
0.028709
0.027913
0.030119
0.034328
0.030346
0.026600
0.028673
0.030949
0.031529
0.033191
0.026386
0.027314
0.031416
0.032382
0.030832
0.029738
0.025806
0.030000
0.034194
0.030262
0.029168
0.027618
0.028584
0.032686
0.033614
0.026809
0.028471
0.029051
0.031327
0.033400
0.029654
0.025672
0.029881
0.032087
0.031291
0.031702
0.026095
0.027926
0.032588
0.032697
0.029122
0.029266
0.026394
0.031318
0.034160
0.029555
0.027622
0.028601
0.029731
0.032956
0.032680
0.025767
0.028601
0.030500
0.032011
0.032038
0.029030
0.025368
0.031329
0.032771
0.030674
0.030061
0.026530
0.028727
0.033572
0.032302
0.027555
0.029100
0.027555
0.032302
0.033572
0.028727
0.026530
0.030061
0.030674
0.032771
0.031329
0.025368
0.029030
0.032038
0.032011
0.030500
0.028601
0.025767
0.032680
0.032956
0.029731
0.028601
0.027622
0.029555
0.034160
0.031318
0.026394
0.029266
0.029122
0.032697
0.032588
0.027926
0.026095
0.031702
0.031291
0.032087
0.029881
0.025672
0.029654
0.033400
0.031327
0.029051
0.028471
0.026809
0.033614
0.032686
0.028584
0.027618
0.029168
0.030262
0.034194
0.030000
0.025806
0.029738
0.030832
0.032382
0.031416
0.027314
0.026386
0.033191
0.031529
0.030949
0.028673
0.026600
0.030346
0.034328
0.030119
0.027913
0.028709
0.028298
0.033905
0.032074
0.027412
0.027303
0.030878
0.030734
0.033606
0.028682
0.025840
0.030445
0.032378
0.031399
0.030269
0.027044
0.027320
0.034233
0.031399
0.029500
0.027989
0.027962
0.030970
0.034632
0.028671
0.027229
0.029326
0.029939
0.033470
0.031273
0.026428
0.027698
0.032445
0.030900
0.032445
0.027698
0.026428
0.031273
0.033470
0.029939
0.029326
0.027229
0.028671
0.034632
0.030970
0.027962
0.027989
0.029500
0.031399
0.034233
0.027320
0.027044
0.030269
0.031399
0.032378
0.030445
0.025840
0.028682
0.033606
0.030734
0.030878
0.027303
0.027412
0.032074
0.033905
0.028298
0.028709
0.027913
0.030119
0.034328
0.030346
0.026600
0.028673
0.030949
0.031529
0.033191
0.026386
0.027314
0.031416
0.032382
0.030832
0.029738
0.025806
0.030000
0.034194
0.030262
0.029168
0.027618
0.028584
0.032686
0.033614
0.026809
0.028471
0.029051
0.031327
0.033400
0.029654
0.025672
0.029881
0.032087
0.031291
0.031702
0.026095
0.027926
0.032588
0.032697
0.029122
0.029266
0.026394
0.031318
0.034160
0.029555
0.027622
0.028601
0.029731
0.032956
0.032680
0.025767
0.028601
0.030500
0.032011
0.032038
0.029030
0.025368
0.031329
0.032771
0.030674
0.030061
0.026530
0.028727
0.033572
0.032302
0.027555
0.029100
0.027555
0.032302
0.033572
0.028727
0.026530
0.030061
0.030674
0.032771
0.031329
0.025368
0.029030
0.032038
0.032011
0.030500
0.028601
0.025767
0.032680
0.032956
0.029731
0.028601
0.027622
0.029555
0.034160
0.031318
0.026394
0.029266
0.029122
0.032697
0.032588
0.027926
0.026095
0.031702
0.031291
0.032087
0.029881
0.025672
0.029654
0.033400
0.031327
0.029051
0.028471
0.026809
0.033614
0.032686
0.028584
0.027618
0.029168
0.030262
0.034194
0.030000
0.025806
0.029738
0.030832
0.032382
0.031416
0.027314
0.026386
0.033191
0.031529
0.030949
0.028673
0.026600
0.030346
0.034328
0.030119
0.027913
0.028709
0.028298
0.033905
0.032074
0.027412
0.027303
0.030878
0.030734
0.033606
0.028682
0.025840
0.030445
0.032378
0.031399
0.030269
0.027044
0.027320
0.034233
0.031399
0.029500
0.027989
0.027962
0.030970
0.034632
0.028671
0.027229
0.029326
0.029939
0.033470
0.031273
0.026428
0.027698
0.032445
0.030900
0.032445
0.027698
0.026428
0.031273
0.033470
0.029939
0.029326
0.027229
0.028671
0.034632
0.030970
0.027962
0.027989
0.029500
0.031399
0.034233
0.027320
0.027044
0.030269
0.031399
0.032378
0.030445
0.025840
0.028682
0.033606
0.030734
0.030878
0.027303
0.027412
0.032074
0.033905
0.028298
0.028709
0.027913
0.030119
0.034328
0.030346
0.026600
0.028673
0.030949
0.031529
0.033191
0.026386
0.027314
0.031416
0.032382
0.030832
0.029738
0.025806
0.030000
0.034194
0.030262
0.029168
0.027618
0.028584
0.032686
0.033614
0.026809
0.028471
0.029051
0.031327
0.033400
0.029654
0.025672
0.029881
0.032087
0.031291
0.031702
0.026095
0.027926
0.032588
0.032697
0.029122
0.029266
0.026394
0.031318
0.034160
0.029555
0.027622
0.028601
0.029731
0.032956
0.032680
0.025767
0.028601
0.030500
0.032011
0.032038
0.029030
0.025368
0.031329
0.032771
0.030674
0.030061
0.026530
0.028727
0.033572
0.032302
0.027555
0.029100
0.027555
0.032302
0.033572
0.028727
0.026530
0.030061
0.030674
0.032771
0.031329
0.025368
0.029030
0.032038
0.032011
0.030500
0.028601
0.025767
0.032680
0.032956
0.029731
0.028601
0.027622
0.029555
0.034160
0.031318
0.026394
0.029266
0.029122
0.032697
0.032588
0.027926
0.026095
0.031702
0.031291
0.032087
0.029881
0.025672
0.029654
0.033400
0.031327
0.029051
0.028471
0.026809
0.033614
0.032686
0.028584
0.027618
0.029168
0.030262
0.034194
0.030000
0.025806
0.029738
0.030832
0.032382
0.031416
0.027314
0.026386
0.033191
0.031529
0.030949
0.028673
0.026600
0.030346
0.034328
0.030119
0.027913
0.028709
0.028298
0.033905
0.032074
0.027412
0.027303
0.030878
0.030734
0.033606
0.028682
0.025840
0.030445
0.032378
0.031399
0.030269
0.027044
0.027320
0.034233
0.031399
0.029500
0.027989
0.027962
0.030970
0.034632
0.028671
0.027229
0.029326
0.029939
0.033470
0.031273
0.026428
0.027698
0.032445
0.030900
0.032445
0.027698
0.026428
0.031273
0.033470
0.029939
0.029326
0.027229
0.028671
0.034632
0.030970
0.027962
0.027989
0.029500
0.031399
0.034233
0.027320
0.027044
0.030269
0.031399
0.032378
0.030445
0.025840
0.028682
0.033606
0.030734
0.030878
0.027303
0.027412
0.032074
0.033905
0.028298
0.028709
0.027913
0.030119
0.034328
0.030346
0.026600
0.028673
0.030949
0.031529
0.033191
0.026386
0.027314
0.031416
0.032382
0.030832
0.029738
0.025806
0.030000
0.034194
0.030262
0.029168
0.027618
0.028584
0.032686
0.033614
0.026809
0.028471
0.029051
0.031327
0.033400
0.029654
0.025672
0.029881
0.032087
0.031291
0.031702
0.026095
0.027926
0.032588
0.032697
0.029122
0.029266
0.026394
0.031318
0.034160
0.029555
0.027622
0.028601
0.029731
0.032956
0.032680
0.025767
0.028601
0.030500
0.032011
0.032038
0.029030
0.025368
0.031329
0.032771
0.030674
0.030061
0.026530
0.028727
0.033572
0.032302
0.027555
0.029100
0.027555
0.032302
0.033572
0.028727
0.026530
0.030061
0.030674
0.032771
0.031329
0.025368
0.029030
0.032038
0.032011
0.030500
0.028601
0.025767
0.032680
0.032956
0.029731
0.028601
0.027622
0.029555
0.034160
0.031318
0.026394
0.029266
0.029122
0.032697
0.032588
0.027926
0.026095
0.031702
0.031291
0.032087
0.029881
0.025672
0.029654
0.033400
0.031327
0.029051
0.028471
0.026809
0.033614
0.032686
0.028584
0.027618
0.029168
0.030262
0.034194
0.030000
0.025806
0.029738
0.030832
0.032382
0.031416
0.027314
0.026386
0.033191
0.031529
0.030949
0.028673
0.026600
0.030346
0.034328
0.030119
0.027913
0.028709
0.028298
0.033905
0.032074
0.027412
0.027303
0.030878
0.030734
0.033606
0.028682
0.025840
0.030445
0.032378
0.031399
0.030269
0.027044
0.027320
0.034233
0.031399
0.029500
0.027989
0.027962
0.030970
0.034632
0.028671
0.027229
0.029326
0.029939
0.033470
0.031273
0.026428
0.027698
0.032445
0.030900
0.032445
0.027698
0.026428
0.031273
0.033470
0.029939
0.029326
0.027229
0.028671
0.034632
0.030970
0.027962
0.027989
0.029500
0.031399
0.034233
0.027320
0.027044
0.030269
0.031399
0.032378
0.030445
0.025840
0.028682
0.033606
0.030734
0.030878
0.027303
0.027412
0.032074
0.033905
0.028298
0.028709
0.027913
0.030119
0.034328
0.030346
0.026600
0.028673
0.030949
0.031529
0.033191
0.026386
0.027314
0.031416
0.032382
0.030832
0.029738
0.025806
0.030000
0.034194
0.030262
0.029168
0.027618
0.028584
0.032686
0.033614
0.026809
0.028471
0.029051
0.031327
0.033400
0.029654
0.025672
0.029881
0.032087
0.031291
0.031702
0.026095
0.027926
0.032588
0.032697
0.029122
0.029266
0.026394
0.031318
0.034160
0.029555
0.027622
0.028601
0.029731
0.032956
0.032680
0.025767
0.028601
0.030500
0.032011
0.032038
0.029030
0.025368
0.031329
0.032771
0.030674
0.030061
0.026530
0.028727
0.033572
0.032302
0.027555
0.029100
0.027555
0.032302
0.033572
0.028727
0.026530
0.030061
0.030674
0.032771
0.031329
0.025368
0.029030
0.032038
0.032011
0.030500
0.028601
0.025767
0.032680
0.032956
0.029731
0.028601
0.027622
0.029555
0.034160
0.031318
0.026394
0.029266
0.029122
0.032697
0.032588
0.027926
0.026095
0.031702
0.031291
0.032087
0.029881
0.025672
0.029654
0.033400
0.031327
0.029051
0.028471
0.026809
0.033614
0.032686
0.028584
0.027618
0.029168
0.030262
0.034194
0.030000
0.025806
0.029738
0.030832
0.032382
0.031416
0.027314
0.026386
0.033191
0.031529
0.030949
0.028673
0.026600
0.030346
0.034328
0.030119
0.027913
0.028709
0.028298
0.033905
0.032074
0.027412
0.027303
0.030878
0.030734
0.033606
0.028682
0.025840
0.030445
0.032378
0.031399
0.030269
0.027044
0.027320
0.034233
0.031399
0.029500
0.027989
0.027962
0.030970
0.034632
0.028671
0.027229
0.029326
0.029939
0.033470
0.031273
0.026428
0.027698
0.032445
0.030900
0.032445
0.027698
0.026428
0.031273
0.033470
0.029939
0.029326
0.027229
0.028671
0.034632
0.030970
0.027962
0.027989
0.029500
0.031399
0.034233
0.027320
0.027044
0.030269
0.031399
0.032378
0.030445
0.025840
0.028682
0.033606
0.030734
0.030878
0.027303
0.027412
0.032074
0.033905
0.028298
0.028709
0.027913
0.030119
0.034328
0.030346
0.026600
0.028673
0.030949
0.031529
0.033191
0.026386
0.027314
0.031416
0.032382
0.030832
0.029738
0.025806
0.030000
0.034194
0.030262
0.029168
0.027618
0.028584
0.032686
0.033614
0.026809
0.028471
0.029051
0.031327
0.033400
0.029654
0.025672
0.029881
0.032087
0.031291
0.031702
0.026095
0.027926
0.032588
0.032697
0.029122
0.029266
0.026394
0.031318
0.034160
0.029555
0.027622
0.028601
0.029731
0.032956
0.032680
0.025767
0.028601
0.030500
0.032011
0.032038
0.029030
0.025368
0.031329
0.032771
0.030674
0.030061
0.026530
0.028727
0.033572
0.032302
0.027555
0.029100
0.027555
0.032302
0.033572
0.028727
0.026530
0.030061
0.030674
0.032771
0.031329
0.025368
0.029030
0.032038
0.032011
0.030500
0.028601
0.025767
0.032680
0.032956
0.029731
0.028601
0.027622
0.029555
0.034160
0.031318
0.026394
0.029266
0.029122
0.032697
0.032588
0.027926
0.026095
0.031702
0.031291
0.032087
0.029881
0.025672
0.029654
0.033400
0.031327
0.029051
0.028471
0.026809
0.033614
0.032686
0.028584
0.027618
0.029168
0.030262
0.034194
0.030000
0.025806
0.029738
0.030832
0.032382
0.031416
0.027314
0.026386
0.033191
0.031529
0.030949
0.028673
0.026600
0.030346
0.034328
0.030119
0.027913
0.028709
0.028298
0.033905
0.032074
0.027412
0.027303
0.030878
0.030734
0.033606
0.028682
0.025840
0.030445
0.032378
0.031399
0.030269
0.027044
0.027320
0.034233
0.031399
0.029500
0.027989
0.027962
0.030970
0.034632
0.028671
0.027229
0.029326
0.029939
0.033470
0.031273
0.026428
0.027698
0.032445
0.030900
0.032445
0.027698
0.026428
0.031273
0.033470
0.029939
0.029326
0.027229
0.028671
0.034632
0.030970
0.027962
0.027989
0.029500
0.031399
0.034233
0.027320
0.027044
0.030269
0.031399
0.032378
0.030445
0.025840
0.028682
0.033606
0.030734
0.030878
0.027303
0.027412
0.032074
0.033905
0.028298
0.028709
0.027913
0.030119
0.034328
0.030346
0.026600
0.028673
0.030949
0.031529
0.033191
0.026386
0.027314
0.031416
0.032382
0.030832
0.029738
0.025806
0.030000
0.034194
0.030262
0.029168
0.027618
0.028584
0.032686
0.033614
0.026809
0.028471
0.029051
0.031327
0.033400
0.029654
0.025672
0.029881
0.032087
0.031291
0.031702
0.026095
0.027926
0.032588
0.032697
0.029122
0.029266
0.026394
0.031318
0.034160
0.029555
0.027622
0.028601
0.029731
0.032956
0.032680
0.025767
0.028601
0.030500
0.032011
0.032038
0.029030
0.025368
0.031329
0.032771
0.030674
0.030061
0.026530
0.028727
0.033572
0.032302
0.027555
0.029100
0.027555
0.032302
0.033572
0.028727
0.026530
0.030061
0.030674
0.032771
0.031329
0.025368
0.029030
0.032038
0.032011
0.030500
0.028601
0.025767
0.032680
0.032956
0.029731
0.028601
0.027622
0.029555
0.034160
0.031318
0.026394
0.029266
0.029122
0.032697
0.032588
0.027926
0.026095
0.031702
0.031291
0.032087
0.029881
0.025672
0.029654
0.033400
0.031327
0.029051
0.028471
0.026809
0.033614
0.032686
0.028584
0.027618
0.029168
0.030262
0.034194
0.030000
0.025806
0.029738
0.030832
0.032382
0.031416
0.027314
0.026386
0.033191
0.031529
0.030949
0.028673
0.026600
0.030346
0.034328
0.030119
0.027913
0.028709
0.028298
0.033905
0.032074
0.027412
0.027303
0.030878
0.030734
0.033606
0.028682
0.025840
0.030445
0.032378
0.031399
0.030269
0.027044
0.027320
0.034233
0.031399
0.029500
0.027989
0.027962
0.030970
0.034632
0.028671
0.027229
0.029326
0.029939
0.033470
0.031273
0.026428
0.027698
0.032445
0.030900
0.032445
0.027698
0.026428
0.031273
0.033470
0.029939
0.029326
0.027229
0.028671
0.034632
0.030970
0.027962
0.027989
0.029500
0.031399
0.034233
0.027320
0.027044
0.030269
0.031399
0.032378
0.030445
0.025840
0.028682
0.033606
0.030734
0.030878
0.027303
0.027412
0.032074
0.033905
0.028298
0.028709
0.027913
0.030119
0.034328
0.030346
0.026600
0.028673
0.030949
0.031529
0.033191
0.026386
0.027314
0.031416
0.032382
0.030832
0.029738
0.025806
0.030000
0.034194
0.030262
0.029168
0.027618
0.028584
0.032686
0.033614
0.026809
0.028471
0.029051
0.031327
0.033400
0.029654
0.025672
0.029881
0.032087
0.031291
0.031702
0.026095
0.027926
0.032588
0.032697
0.029122
0.029266
0.026394
0.031318
0.034160
0.029555
0.027622
0.028601
0.029731
0.032956
0.032680
0.025767
0.028601
0.030500
0.032011
0.032038
0.029030
0.025368
0.031329
0.032771
0.030674
0.030061
0.026530
0.028727
0.033572
0.032302
0.027555
0.029100
0.027555
0.032302
0.033572
0.028727
0.026530
0.030061
0.030674
0.032771
0.031329
0.025368
0.029030
0.032038
0.032011
0.030500
0.028601
0.025767
0.032680
0.032956
0.029731
0.028601
0.027622
0.029555
0.034160
0.031318
0.026394
0.029266
0.029122
0.032697
0.032588
0.027926
0.026095
0.031702
0.031291
0.032087
0.029881
0.025672
0.029654
0.033400
0.031327
0.029051
0.028471
0.026809
0.033614
0.032686
0.028584
0.027618
0.029168
0.030262
0.034194
0.030000
0.025806
0.029738
0.030832
0.032382
0.031416
0.027314
0.026386
0.033191
0.031529
0.030949
0.028673
0.026600
0.030346
0.034328
0.030119
0.027913
0.028709
0.028298
0.033905
0.032074
0.027412
0.027303
0.030878
0.030734
0.033606
0.028682
0.025840
0.030445
0.032378
0.031399
0.030269
0.027044
0.027320
0.034233
0.031399
0.029500
0.027989
0.027962
0.030970
0.034632
0.028671
0.027229
0.029326
0.029939
0.033470
0.031273
0.026428
0.027698
0.032445
0.030900
0.032445
0.027698
0.026428
0.031273
0.033470
0.029939
0.029326
0.027229
0.028671
0.034632
0.030970
0.027962
0.027989
0.029500
0.031399
0.034233
0.027320
0.027044
0.030269
0.031399
0.032378
0.030445
0.025840
0.028682
0.033606
0.030734
0.030878
0.027303
0.027412
0.032074
0.033905
0.028298
0.028709
0.027913
0.030119
0.034328
0.030346
0.026600
0.028673
0.030949
0.031529
0.033191
0.026386
0.027314
0.031416
0.032382
0.030832
0.029738
0.025806
0.030000
0.034194
0.030262
0.029168
0.027618
0.028584
0.032686
0.033614
0.026809
0.028471
0.029051
0.031327
0.033400
0.029654
0.025672
0.029881
0.032087
0.031291
0.031702
0.026095
0.027926
0.032588
0.032697
0.029122
0.029266
0.026394
0.031318
0.034160
0.029555
0.027622
0.028601
0.029731
0.032956
0.032680
0.025767
0.028601
0.030500
0.032011
0.032038
0.029030
0.025368
0.031329
0.032771
0.030674
0.030061
0.026530
0.028727
0.033572
0.032302
0.027555
0.029100
0.027555
0.032302
0.033572
0.028727
0.026530
0.030061
0.030674
0.032771
0.031329
0.025368
0.029030
0.032038
0.032011
0.030500
0.028601
0.025767
0.032680
0.032956
0.029731
0.028601
0.027622
0.029555
0.034160
0.031318
0.026394
0.029266
0.029122
0.032697
0.032588
0.027926
0.026095
0.031702
0.031291
0.032087
0.029881
0.025672
0.029654
0.033400
0.031327
0.029051
0.028471
0.026809
0.033614
0.032686
0.028584
0.027618
0.029168
0.030262
0.034194
0.030000
0.025806
0.029738
0.030832
0.032382
0.031416
0.027314
0.026386
0.033191
0.031529
0.030949
0.028673
0.026600
0.030346
0.034328
0.030119
0.027913
0.028709
0.028298
0.033905
0.032074
0.027412
0.027303
0.030878
0.030734
0.033606
0.028682
0.025840
0.030445
0.032378
0.031399
0.030269
0.027044
0.027320
0.034233
0.031399
0.029500
0.027989
0.027962
0.030970
0.034632
0.028671
0.027229
0.029326
0.029939
0.033470
0.031273
0.026428
0.027698
0.032445
0.030900
0.032445
0.027698
0.026428
0.031273
0.033470
0.029939
0.029326
0.027229
0.028671
0.034632
0.030970
0.027962
0.027989
0.029500
0.031399
0.034233
0.027320
0.027044
0.030269
0.031399
0.032378
0.030445
0.025840
0.028682
0.033606
0.030734
0.030878
0.027303
0.027412
0.032074
0.033905
0.028298
0.028709
0.027913
0.030119
0.034328
0.030346
0.026600
0.028673
0.030949
0.031529
0.033191
0.026386
0.027314
0.031416
0.032382
0.030832
0.029738
0.025806
0.030000
0.034194
0.030262
0.029168
0.027618
0.028584
0.032686
0.033614
0.026809
0.028471
0.029051
0.031327
0.033400
0.029654
0.025672
0.029881
0.032087
0.031291
0.031702
0.026095
0.027926
0.032588
0.032697
0.029122
0.029266
0.026394
0.031318
0.034160
0.029555
0.027622
0.028601
0.029731
0.032956
0.032680
0.025767
0.028601
0.030500
0.032011
0.032038
0.029030
0.025368
0.031329
0.032771
0.030674
0.030061
0.026530
0.028727
0.033572
0.032302
0.027555
0.029100
0.027555
0.032302
0.033572
0.028727
0.026530
0.030061
0.030674
0.032771
0.031329
0.025368
0.029030
0.032038
0.032011
0.030500
0.028601
0.025767
0.032680
0.032956
0.029731
0.028601
0.027622
0.029555
0.034160
0.031318
0.026394
0.029266
0.029122
0.032697
0.032588
0.027926
0.026095
0.031702
0.031291
0.032087
0.029881
0.025672
0.029654
0.033400
0.031327
0.029051
0.028471
0.026809
0.033614
0.032686
0.028584
0.027618
0.029168
0.030262
0.034194
0.030000
0.025806
0.029738
0.030832
0.032382
0.031416
0.027314
0.026386
0.033191
0.031529
0.030949
0.028673
0.026600
0.030346
0.034328
0.030119
0.027913
0.028709
0.028298
0.033905
0.032074
0.027412
0.027303
0.030878
0.030734
0.033606
0.028682
0.025840
0.030445
0.032378
0.031399
0.030269
0.027044
0.027320
0.034233
0.031399
0.029500
0.027989
0.027962
0.030970
0.034632
0.028671
0.027229
0.029326
0.029939
0.033470
0.031273
0.026428
0.027698
0.032445
0.030900
0.032445
0.027698
0.026428
0.031273
0.033470
0.029939
0.029326
0.027229
0.028671
0.034632
0.030970
0.027962
0.027989
0.029500
0.031399
0.034233
0.027320
0.027044
0.030269
0.031399
0.032378
0.030445
0.025840
0.028682
0.033606
0.030734
0.030878
0.027303
0.027412
0.032074
0.033905
0.028298
0.028709
0.027913
0.030119
0.034328
0.030346
0.026600
0.028673
0.030949
0.031529
0.033191
0.026386
0.027314
0.031416
0.032382
0.030832
0.029738
0.025806
0.030000
0.034194
0.030262
0.029168
0.027618
0.028584
0.032686
0.033614
0.026809
0.028471
0.029051
0.031327
0.033400
0.029654
0.025672
0.029881
0.032087
0.031291
0.031702
0.026095
0.027926
0.032588
0.032697
0.029122
0.029266
0.026394
0.031318
0.034160
0.029555
0.027622
0.028601
0.029731
0.032956
0.032680
0.025767
0.028601
0.030500
0.032011
0.032038
0.029030
0.025368
0.031329
0.032771
0.030674
0.030061
0.026530
0.028727
0.033572
0.032302
0.027555
0.029100
0.027555
0.032302
0.033572
0.028727
0.026530
0.030061
0.030674
0.032771
0.031329
0.025368
0.029030
0.032038
0.032011
0.030500
0.028601
0.025767
0.032680
0.032956
0.029731
0.028601
0.027622
0.029555
0.034160
0.031318
0.026394
0.029266
0.029122
0.032697
0.032588
0.027926
0.026095
0.031702
0.031291
0.032087
0.029881
0.025672
0.029654
0.033400
0.031327
0.029051
0.028471
0.026809
0.033614
0.032686
0.028584
0.027618
0.029168
0.030262
0.034194
0.030000
0.025806
0.029738
0.030832
0.032382
0.031416
0.027314
0.026386
0.033191
0.031529
0.030949
0.028673
0.026600
0.030346
0.034328
0.030119
0.027913
0.028709
0.028298
0.033905
0.032074
0.027412
0.027303
0.030878
0.030734
0.033606
0.028682
0.025840
0.030445
0.032378
0.031399
0.030269
0.027044
0.027320
0.034233
0.031399
0.029500
0.027989
0.027962
0.030970
0.034632
0.028671
0.027229
0.029326
0.029939
0.033470
0.031273
0.026428
0.027698
0.032445
0.030900
0.032445
0.027698
0.026428
0.031273
0.033470
0.029939
0.029326
0.027229
0.028671
0.034632
0.030970
0.027962
0.027989
0.029500
0.031399
0.034233
0.027320
0.027044
0.030269
0.031399
0.032378
0.030445
0.025840
0.028682
0.033606
0.030734
0.030878
0.027303
0.027412
0.032074
0.033905
0.028298
0.028709
0.027913
0.030119
0.034328
0.030346
0.026600
0.028673
0.030949
0.031529
0.033191
0.026386
0.027314
0.031416
0.032382
0.030832
0.029738
0.025806
0.030000
0.034194
0.030262
0.029168
0.027618
0.028584
0.032686
0.033614
0.026809
0.028471
0.029051
0.031327
0.033400
0.029654
0.025672
0.029881
0.032087
0.031291
0.031702
0.026095
0.027926
0.032588
0.032697
0.029122
0.029266
0.026394
0.031318
0.034160
0.029555
0.027622
0.028601
0.029731
0.032956
0.032680
0.025767
0.028601
0.030500
0.032011
0.032038
0.029030
0.025368
0.031329
0.032771
0.030674
0.030061
0.026530
0.028727
0.033572
0.032302
0.027555
0.029100
0.027555
0.032302
0.033572
0.028727
0.026530
0.030061
0.030674
0.032771
0.031329
0.025368
0.029030
0.032038
0.032011
0.030500
0.028601
0.025767
0.032680
0.032956
0.029731
0.028601
0.027622
0.029555
0.034160
0.031318
0.026394
0.029266
0.029122
0.032697
0.032588
0.027926
0.026095
0.031702
0.031291
0.032087
0.029881
0.025672
0.029654
0.033400
0.031327
0.029051
0.028471
0.026809
0.033614
0.032686
0.028584
0.027618
0.029168
0.030262
0.034194
0.030000
0.025806
0.029738
0.030832
0.032382
0.031416
0.027314
0.026386
0.033191
0.031529
0.030949
0.028673
0.026600
0.030346
0.034328
0.030119
0.027913
0.028709
0.028298
0.033905
0.032074
0.027412
0.027303
0.030878
0.030734
0.033606
0.028682
0.025840
0.030445
0.032378
0.031399
0.030269
0.027044
0.027320
0.034233
0.031399
0.029500
0.027989
0.027962
0.030970
0.034632
0.028671
0.027229
0.029326
0.029939
0.033470
0.031273
0.026428
0.027698
0.032445
0.030900
0.032445
0.027698
0.026428
0.031273
0.033470
0.029939
0.029326
0.027229
0.028671
0.034632
0.030970
0.027962
0.027989
0.029500
0.031399
0.034233
0.027320
0.027044
0.030269
0.031399
0.032378
0.030445
0.025840
0.028682
0.033606
0.030734
0.030878
0.027303
0.027412
0.032074
0.033905
0.028298
0.028709
0.027913
0.030119
0.034328
0.030346
0.026600
0.028673
0.030949
0.031529
0.033191
0.026386
0.027314
0.031416
0.032382
0.030832
0.029738
0.025806
0.030000
0.034194
0.030262
0.029168
0.027618
0.028584
0.032686
0.033614
0.026809
0.028471
0.029051
0.031327
0.033400
0.029654
0.025672
0.029881
0.032087
0.031291
0.031702
0.026095
0.027926
0.032588
0.032697
0.029122
0.029266
0.026394
0.031318
0.034160
0.029555
0.027622
0.028601
0.029731
0.032956
0.032680
0.025767
0.028601
0.030500
0.032011
0.032038
0.029030
0.025368
0.031329
0.032771
0.030674
0.030061
0.026530
0.028727
0.033572
0.032302
0.027555
0.029100
0.027555
0.032302
0.033572
0.028727
0.026530
0.030061
0.030674
0.032771
0.031329
0.025368
0.029030
0.032038
0.032011
0.030500
0.028601
0.025767
0.032680
0.032956
0.029731
0.028601
0.027622
0.029555
0.034160
0.031318
0.026394
0.029266
0.029122
0.032697
0.032588
0.027926
0.026095
0.031702
0.031291
0.032087
0.029881
0.025672
0.029654
0.033400
0.031327
0.029051
0.028471
0.026809
0.033614
0.032686
0.028584
0.027618
0.029168
0.030262
0.034194
0.030000
0.025806
0.029738
0.030832
0.032382
0.031416
0.027314
0.026386
0.033191
0.031529
0.030949
0.028673
0.026600
0.030346
0.034328
0.030119
0.027913
0.028709
0.028298
0.033905
0.032074
0.027412
0.027303
0.030878
0.030734
0.033606
0.028682
0.025840
0.030445
0.032378
0.031399
0.030269
0.027044
0.027320
0.034233
0.031399
0.029500
0.027989
0.027962
0.030970
0.034632
0.028671
0.027229
0.029326
0.029939
0.033470
0.031273
0.026428
0.027698
0.032445
0.030900
0.032445
0.027698
0.026428
0.031273
0.033470
0.029939
0.029326
0.027229
0.028671
0.034632
0.030970
0.027962
0.027989
0.029500
0.031399
0.034233
0.027320
0.027044
0.030269
0.031399
0.032378
0.030445
0.025840
0.028682
0.033606
0.030734
0.030878
0.027303
0.027412
0.032074
0.033905
0.028298
0.028709
0.027913
0.030119
0.034328
0.030346
0.026600
0.028673
0.030949
0.031529
0.033191
0.026386
0.027314
0.031416
0.032382
0.030832
0.029738
0.025806
0.030000
0.034194
0.030262
0.029168
0.027618
0.028584
0.032686
0.033614
0.026809
0.028471
0.029051
0.031327
0.033400
0.029654
0.025672
0.029881
0.032087
0.031291
0.031702
0.026095
0.027926
0.032588
0.032697
0.029122
0.029266
0.026394
0.031318
0.034160
0.029555
0.027622
0.028601
0.029731
0.032956
0.032680
0.025767
0.028601
0.030500
0.032011
0.032038
0.029030
0.025368
0.031329
0.032771
0.030674
0.030061
0.026530
0.028727
0.033572
0.032302
0.027555
0.029100
0.027555
0.032302
0.033572
0.028727
0.026530
0.030061
0.030674
0.032771
0.031329
0.025368
0.029030
0.032038
0.032011
0.030500
0.028601
0.025767
0.032680
0.032956
0.029731
0.028601
0.027622
0.029555
0.034160
0.031318
0.026394
0.029266
0.029122
0.032697
0.032588
0.027926
0.026095
0.031702
0.031291
0.032087
0.029881
0.025672
0.029654
0.033400
0.031327
0.029051
0.028471
0.026809
0.033614
0.032686
0.028584
0.027618
0.029168
0.030262
0.034194
0.030000
0.025806
0.029738
0.030832
0.032382
0.031416
0.027314
0.026386
0.033191
0.031529
0.030949
0.028673
0.026600
0.030346
0.034328
0.030119
0.027913
0.028709
0.028298
0.033905
0.032074
0.027412
0.027303
0.030878
0.030734
0.033606
0.028682
0.025840
0.030445
0.032378
0.031399
0.030269
0.027044
0.027320
0.034233
0.031399
0.029500
0.027989
0.027962
0.030970
0.034632
0.028671
0.027229
0.029326
0.029939
0.033470
0.031273
0.026428
0.027698
0.032445
0.030900
0.032445
0.027698
0.026428
0.031273
0.033470
0.029939
0.029326
0.027229
0.028671
0.034632
0.030970
0.027962
0.027989
0.029500
0.031399
0.034233
0.027320
0.027044
0.030269
0.031399
0.032378
0.030445
0.025840
0.028682
0.033606
0.030734
0.030878
0.027303
0.027412
0.032074
0.033905
0.028298
0.028709
0.027913
0.030119
0.034328
0.030346
0.026600
0.028673
0.030949
0.031529
0.033191
0.026386
0.027314
0.031416
0.032382
0.030832
0.029738
0.025806
0.030000
0.034194
0.030262
0.029168
0.027618
0.028584
0.032686
0.033614
0.026809
0.028471
0.029051
0.031327
0.033400
0.029654
0.025672
0.029881
0.032087
0.031291
0.031702
0.026095
0.027926
0.032588
0.032697
0.029122
0.029266
0.026394
0.031318
0.034160
0.029555
0.027622
0.028601
0.029731
0.032956
0.032680
0.025767
0.028601
0.030500
0.032011
0.032038
0.029030
0.025368
0.031329
0.032771
0.030674
0.030061
0.026530
0.028727
0.033572
0.032302
0.027555
0.029100
0.027555
0.032302
0.033572
0.028727
0.026530
0.030061
0.030674
0.032771
0.031329
0.025368
0.029030
0.032038
0.032011
0.030500
0.028601
0.025767
0.032680
0.032956
0.029731
0.028601
0.027622
0.029555
0.034160
0.031318
0.026394
0.029266
0.029122
0.032697
0.032588
0.027926
0.026095
0.031702
0.031291
0.032087
0.029881
0.025672
0.029654
0.033400
0.031327
0.029051
0.028471
0.026809
0.033614
0.032686
0.028584
0.027618
0.029168
0.030262
0.034194
0.030000
0.025806
0.029738
0.030832
0.032382
0.031416
0.027314
0.026386
0.033191
0.031529
0.030949
0.028673
0.026600
0.030346
0.034328
0.030119
0.027913
0.028709
0.028298
0.033905
0.032074
0.027412
0.027303
0.030878
0.030734
0.033606
0.028682
0.025840
0.030445
0.032378
0.031399
0.030269
0.027044
0.027320
0.034233
0.031399
0.029500
0.027989
0.027962
0.030970
0.034632
0.028671
0.027229
0.029326
0.029939
0.033470
0.031273
0.026428
0.027698
0.032445
0.030900
0.032445
0.027698
0.026428
0.031273
0.033470
0.029939
0.029326
0.027229
0.028671
0.034632
0.030970
0.027962
0.027989
0.029500
0.031399
0.034233
0.027320
0.027044
0.030269
0.031399
0.032378
0.030445
0.025840
0.028682
0.033606
0.030734
0.030878
0.027303
0.027412
0.032074
0.033905
0.028298
0.028709
0.027913
0.030119
0.034328
0.030346
0.026600
0.028673
0.030949
0.031529
0.033191
0.026386
0.027314
0.031416
0.032382
0.030832
0.029738
0.025806
